Car 0.0 0 0 0 0 0 0 1.5248334407806396 4.513522624969482 2.006814479827881 76.0363646445837 59.09192127907522 -5.907884694635868 -1.568057531929859 
Car 0.0 0 0 0 0 0 0 1.6506516933441162 5.0267767906188965 2.1515462398529053 -13.230134228908952 26.493525936401852 -5.802189737558365 3.1388812892839835 
Car 0.0 0 0 0 0 0 0 1.7671663761138916 4.552699089050293 2.097072124481201 2.3838302538833034 -108.38224917610859 -5.940039997221902 -3.141229664733215 
Car 0.0 0 0 0 0 0 0 1.4876600503921509 4.791779518127441 2.163450002670288 -10.797551731227287 -37.29578442839215 -5.941757946042344 1.5639880886261635 
Car 0.0 0 0 0 0 0 0 1.7671663761138916 4.552699089050293 2.097072124481201 84.66930537915434 67.81094431219458 -5.940324173076078 -1.5865973941745548 
Car 0.0 0 0 0 0 0 0 1.5248334407806396 4.513522624969482 2.006814479827881 33.231326081279775 98.93387550132502 -5.907408848404884 -1.2564499743693391 
Car 0.0 0 0 0 0 0 0 2.045147180557251 5.565828800201416 2.1499669551849365 158.50296082365773 -81.91090920307988 -5.929786778055131 1.5570845092904055 
Car 0.0 0 0 0 0 0 0 1.5749659538269043 5.365678787231445 1.8007241487503052 55.26406946040103 95.47409370823925 -5.926217347383499 2.174164233892121 
Car 0.0 0 0 0 0 0 0 1.549050211906433 3.705369472503662 1.788678526878357 100.70024927234621 -75.52486228828923 -5.947176456451416 -0.0026347973841725934 
Car 0.0 0 0 0 0 0 0 1.5421181917190552 4.974244117736816 2.0384011268615723 78.09164614937211 5.606651293433686 -5.9833598509430885 3.135498009435147 
Car 0.0 0 0 0 0 0 0 1.6506516933441162 5.0267767906188965 2.1515462398529053 -2.028052855637867 -18.54091716919004 -5.802275329828262 -1.5691350469069052 
Car 0.0 0 0 0 0 0 0 1.3760247230529785 2.2072951793670654 1.4809197187423706 -26.37319872216483 25.947352161035525 -5.942303867312148 2.235240371383671 
Car 0.0 0 0 0 0 0 0 1.8548461198806763 4.6045098304748535 1.9315929412841797 44.09450169165618 17.456017374823205 -5.9423354911850765 1.5735445758818039 
Car 0.0 0 0 0 0 0 0 1.5248334407806396 4.513522624969482 2.006814479827881 184.6319471990873 4.846653693209191 -5.907399274408817 0.014349111953346936 
Car 0.0 0 0 0 0 0 0 1.5421181917190552 4.974244117736816 2.0384011268615723 -0.9083082465050722 -22.361193580807253 -5.973841991275549 -1.5686426284213495 
Car 0.0 0 0 0 0 0 0 1.6493593454360962 4.855708599090576 2.0327565670013428 149.0967219909373 -91.38207219957872 -5.95305116660893 1.5651727958370854 
Car 0.0 0 0 0 0 0 0 1.5248334407806396 4.513522624969482 2.006814479827881 112.49277345816674 -23.769482047496922 -5.907920856028795 -0.002105746129540467 
Car 0.0 0 0 0 0 0 0 1.4106587171554565 5.357479572296143 2.033202886581421 -35.49817213794566 -71.20054718536153 -5.949719219468534 3.1312180432472805 
Car 0.0 0 0 0 0 0 0 1.3760247230529785 2.2072951793670654 1.4809197187423706 22.46196969673494 -113.62074493791101 -5.940132427262142 -0.002151915954159301 
Car 0.0 0 0 0 0 0 0 1.8779358863830566 3.866220712661743 1.9051965475082397 -9.891957399516201 -26.39979101858023 -5.933164807036519 -1.5750752277183269 
Car 0.0 0 0 0 0 0 0 1.5421181917190552 4.974244117736816 2.0384011268615723 152.44693135574286 -92.96423867551312 -5.973822325468063 1.5645054076679115 
Car 0.0 0 0 0 0 0 0 1.5248334407806396 4.513522624969482 2.006814479827881 49.22996700322025 101.24947052312518 -5.907340910285711 -1.0432043408791056 
Car 0.0 0 0 0 0 0 0 1.5347249507904053 5.0078253746032715 1.8816219568252563 -6.23520646810195 -22.722166382958164 -5.943330516834976 -1.5699293347020213 
Car 0.0 0 0 0 0 0 0 1.5107464790344238 4.901683330535889 2.128324270248413 -43.53513983699989 -58.4309222222887 -5.909259244799614 3.130929889217334 
Car 0.0 0 0 0 0 0 0 1.549050211906433 3.705369472503662 1.788678526878357 176.83397814424413 -52.70868914273842 -5.947945461142808 -1.6095988501934602 
Car 0.0 0 0 0 0 0 0 1.5749659538269043 5.365678787231445 1.8007241487503052 26.936863879238075 -6.570336254191147 -5.923553047701716 -0.7427715404106128 
Car 0.0 0 0 0 0 0 0 1.4738311767578125 4.1928300857543945 1.8161858320236206 -19.50744382960309 -46.096155611165386 -5.948834285605699 1.5604221159265474 
Car 0.0 0 0 0 0 0 0 1.5248334407806396 4.513522624969482 2.006814479827881 28.711058408236994 -124.82783212878758 -5.907690715044737 0.00032756878157045563 
Car 0.0 0 0 0 0 0 0 1.5347249507904053 5.0078253746032715 1.8816219568252563 -15.185656893518427 -41.7178513200422 -5.943292865762487 1.5591536522993428 
Car 0.0 0 0 0 0 0 0 1.3760247230529785 2.2072951793670654 1.4809197187423706 123.83361956372639 -99.476876920937 -5.940203876467422 0.21950764067463455 
Car 0.0 0 0 0 0 0 0 1.385296106338501 4.181210041046143 1.9941171407699585 124.01217124928073 59.89893697817956 -5.955371188931167 -0.009047478108731334 
Car 0.0 0 0 0 0 0 0 2.045147180557251 5.565828800201416 2.1499669551849365 189.49223467084764 -7.009559925319536 -5.942445507040247 0.24451903430249317 
Car 0.0 0 0 0 0 0 0 1.4876600503921509 4.791779518127441 2.163450002670288 10.511694836547662 19.10262364441644 -5.941949863452464 -0.0015851886422951463 
Car 0.0 0 0 0 0 0 0 1.441947340965271 4.673638820648193 1.8118125200271606 -18.41148530342437 32.605167305455325 -5.94593061436899 -2.9289847806016063 
Car 0.0 0 0 0 0 0 0 1.4876600503921509 4.791779518127441 2.163450002670288 143.93427956177513 35.420239958484444 -5.941925373161212 3.1267841463484074 
Car 0.0 0 0 0 0 0 0 1.4106587171554565 5.357479572296143 2.033202886581421 24.2766567124431 -10.801072349964215 -5.951251430436969 3.1371329240283465 
Car 0.0 0 0 0 0 0 0 1.300939917564392 4.717525005340576 1.894826889038086 66.64443523010127 -36.72120531309463 -5.948854236397892 -0.0026848153985442945 
Car 0.0 0 0 0 0 0 0 1.300939917564392 4.717525005340576 1.894826889038086 66.45356745500342 -41.46666999220412 -5.948854160029441 -0.002791149387146814 
Car 0.0 0 0 0 0 0 0 1.441947340965271 4.673638820648193 1.8118125200271606 76.7167975599809 54.83483621160349 -5.944674930535257 -1.5681472804585948 
Car 0.0 0 0 0 0 0 0 1.8548461198806763 4.6045098304748535 1.9315929412841797 53.09741317331438 36.26271383221433 -5.930466481484473 -1.5984480615512437 
Car 0.0 0 0 0 0 0 0 1.4106587171554565 5.357479572296143 2.033202886581421 4.369519196987852 20.27357937734189 -5.950999393127859 -0.002731754653054242 
Car 0.0 0 0 0 0 0 0 1.300939917564392 4.717525005340576 1.894826889038086 68.81903173474186 -60.03539668691474 -5.948428669013083 3.1388226997400017 
Car 0.0 0 0 0 0 0 0 1.6506516933441162 5.0267767906188965 2.1515462398529053 124.34564675989444 54.653241229121875 -5.802181109786034 3.135527304207138 
Car 0.0 0 0 0 0 0 0 1.490277647972107 4.89238166809082 1.8367133140563965 34.57348683152256 -125.74442864789171 -5.946052493993193 0.0005283710952531396 
Car 0.0 0 0 0 0 0 0 1.385296106338501 4.181210041046143 1.9941171407699585 102.17550930855234 -13.478440083256146 -5.954777393490076 -0.0004779065657743555 
Car 0.0 0 0 0 0 0 0 1.6493593454360962 4.855708599090576 2.0327565670013428 146.79886220729915 37.53826992279642 -5.95523885730654 -0.011298503576850501 
Car 0.0 0 0 0 0 0 0 1.5749659538269043 5.365678787231445 1.8007241487503052 129.1973103629915 -95.5039630897378 -5.926517581567168 -0.5164425621436333 
Car 0.0 0 0 0 0 0 0 1.6171095371246338 3.987684965133667 1.8508483171463013 -26.174133642742248 29.220631831509024 -5.90503641217947 2.4400409213201817 
Car 0.0 0 0 0 0 0 0 1.5107464790344238 4.901683330535889 2.128324270248413 92.84231217954007 -4.16537947836963 -5.908198948949575 -0.0006613566554609106 
Car 0.0 0 0 0 0 0 0 1.385296106338501 4.181210041046143 1.9941171407699585 106.62032190056149 -41.21135919587232 -5.954940280877054 -1.5463232079576135 
Car 0.0 0 0 0 0 0 0 1.4876600503921509 4.791779518127441 2.163450002670288 -61.633452094244404 -10.691370159159987 -5.9419213676592335 1.0586824999765916 
Car 0.0 0 0 0 0 0 0 1.5749659538269043 5.365678787231445 1.8007241487503052 7.645058762081106 -98.81065262599759 -5.932573929429054 -0.001799156731051875 
Car 0.0 0 0 0 0 0 0 1.6493593454360962 4.855708599090576 2.0327565670013428 159.57538384970653 24.944485105129047 -5.9462386895902455 -0.006098064652171407 
Car 0.0 0 0 0 0 0 0 1.7671663761138916 4.552699089050293 2.097072124481201 124.38013045976524 49.70101291929245 -5.940024414099753 3.1348069191322714 
Car 0.0 0 0 0 0 0 0 1.5749659538269043 5.365678787231445 1.8007241487503052 55.22491115066484 -143.46284668633552 -5.926508465781808 -0.34206340120763884 
Car 0.0 0 0 0 0 0 0 1.4738311767578125 4.1928300857543945 1.8161858320236206 111.54845305002844 -124.4555419690045 -5.9489103886298835 -1.5778354610301395 
Car 0.0 0 0 0 0 0 0 1.7671663761138916 4.552699089050293 2.097072124481201 60.405649058036005 -152.48668418345005 -5.940011673141271 2.5604648047558207 
Car 0.0 0 0 0 0 0 0 1.4106587171554565 5.357479572296143 2.033202886581421 119.49074649789097 59.5113983107226 -5.951106815133244 3.1262768141607475 
Car 0.0 0 0 0 0 0 0 1.4106587171554565 5.357479572296143 2.033202886581421 38.24371401548794 -134.36843645059344 -5.950499820522964 0.00014061490555618378 
Car 0.0 0 0 0 0 0 0 1.5012825727462769 3.633375883102417 1.845113754272461 65.24486049825666 -156.8752828992972 -5.961326168850064 2.4461534086541317 
Car 0.0 0 0 0 0 0 0 1.8548461198806763 4.6045098304748535 1.9315929412841797 -6.095184387821774 -27.532901300644653 -5.9424232674064115 -1.5726412316400489 
Car 0.0 0 0 0 0 0 0 1.4738311767578125 4.1928300857543945 1.8161858320236206 73.23326287742086 46.43186550316318 -5.948838405311108 1.5720510751424874 
Car 0.0 0 0 0 0 0 0 1.385296106338501 4.181210041046143 1.9941171407699585 129.35551378616967 -45.526450792137666 -5.953673457726836 3.139742555580515 
Car 0.0 0 0 0 0 0 0 1.5347249507904053 5.0078253746032715 1.8816219568252563 13.918100371123018 -110.02369566819084 -5.943703365308465 7.829692792100694e-05 
Car 0.0 0 0 0 0 0 0 1.490277647972107 4.89238166809082 1.8367133140563965 159.21196653854187 30.22299267590529 -5.948602199554443 -0.006033490277818091 
Car 0.0 0 0 0 0 0 0 1.4876600503921509 4.791779518127441 2.163450002670288 50.912607216555074 -37.61113899353438 -5.941983776167035 -3.104082295952136 
Car 0.0 0 0 0 0 0 0 1.3760247230529785 2.2072951793670654 1.4809197187423706 111.24257491902031 -105.97760952104323 -5.940478764008731 -1.601816161381867 
Car 0.0 0 0 0 0 0 0 1.4876600503921509 4.791779518127441 2.163450002670288 128.39122152562825 50.660083661576834 -5.941636028233916 3.1343829438867306 
Car 0.0 0 0 0 0 0 0 1.5248334407806396 4.513522624969482 2.006814479827881 103.19648052757461 -72.93878523505248 -5.907492503523827 0.011712049841950473 
Car 0.0 0 0 0 0 0 0 1.5012825727462769 3.633375883102417 1.845113754272461 85.29154092382552 -154.49492805765772 -5.961319522932172 1.9922984277892093 
Car 0.0 0 0 0 0 0 0 1.5107464790344238 4.901683330535889 2.128324270248413 146.83846594099973 42.379855688997964 -5.910249158740044 -0.015781931110809697 
Car 0.0 0 0 0 0 0 0 2.045147180557251 5.565828800201416 2.1499669551849365 42.496539087985894 -28.92416594902312 -5.930244350805879 3.138959852536141 
Car 0.0 0 0 0 0 0 0 1.300939917564392 4.717525005340576 1.894826889038086 60.42649695756185 -46.756935924995446 -5.949324703309685 3.1393023350523253 
Car 0.0 0 0 0 0 0 0 1.8548461198806763 4.6045098304748535 1.9315929412841797 -44.156435542189826 21.083893909925223 -5.942394466372207 -1.5830483325478606 
Car 0.0 0 0 0 0 0 0 1.300939917564392 4.717525005340576 1.894826889038086 86.77801584379765 64.87924769902884 -5.949216251261532 -1.5771421070403373 
Car 0.0 0 0 0 0 0 0 1.5107464790344238 4.901683330535889 2.128324270248413 6.1965424841556285 -107.2489899286262 -5.910721227526665 -3.138262903278867 
Car 0.0 0 0 0 0 0 0 1.5012825727462769 3.633375883102417 1.845113754272461 195.69713099107955 -12.785632640162476 -5.961293010041118 0.45321049588112305 
Car 0.0 0 0 0 0 0 0 1.549050211906433 3.705369472503662 1.788678526878357 128.61248815783742 60.276982165765844 -5.951765002682805 -0.006002113350779644 
Car 0.0 0 0 0 0 0 0 1.7671663761138916 4.552699089050293 2.097072124481201 41.68270165326291 95.14312065226977 -5.9401008987333626 2.0016574416500204 
Car 0.0 0 0 0 0 0 0 1.6171095371246338 3.987684965133667 1.8508483171463013 19.48145679083993 -10.97171866440408 -5.905346319079399 3.138490869868178 
Car 0.0 0 0 0 0 0 0 1.4738311767578125 4.1928300857543945 1.8161858320236206 164.68231445502713 -65.60851822590121 -5.948847598861903 -1.5776280007812225 
Car 0.0 0 0 0 0 0 0 2.045147180557251 5.565828800201416 2.1499669551849365 -20.774357167781346 45.89470594984846 -5.929013920016587 -2.198341741848405 
Car 0.0 0 0 0 0 0 0 1.441947340965271 4.673638820648193 1.8118125200271606 77.03335071778926 -153.07723896535936 -5.944741916609928 2.162365364998634 
Car 0.0 0 0 0 0 0 0 1.549050211906433 3.705369472503662 1.788678526878357 6.684783343703856 22.907385513555482 -5.9514079852961 -0.0018144207532723672 
Car 0.0 0 0 0 0 0 0 1.5749659538269043 5.365678787231445 1.8007241487503052 30.297237444708998 93.45094909370528 -5.9235171135514975 -1.3375845085591482 
Car 0.0 0 0 0 0 0 0 1.638383150100708 5.237514495849609 1.9297595024108887 81.00200426608782 64.0307828004427 -5.943300037382869 -1.5681675204828793 
Car 0.0 0 0 0 0 0 0 1.6506516933441162 5.0267767906188965 2.1515462398529053 -58.03609929103666 -10.599393666872174 -5.8019536435604095 1.0674182675632968 
Car 0.0 0 0 0 0 0 0 1.5012825727462769 3.633375883102417 1.845113754272461 152.1627877861615 -63.11726264771596 -5.960264071822166 -0.08133990552174618 
Car 0.0 0 0 0 0 0 0 1.4738311767578125 4.1928300857543945 1.8161858320236206 -69.39335092486093 -15.176381407614826 -5.948882312513888 -2.270899033115396 
Car 0.0 0 0 0 0 0 0 1.5107464790344238 4.901683330535889 2.128324270248413 -46.51072721156956 23.731085772118092 -5.909772206097841 -1.5772057565903903 
Car 0.0 0 0 0 0 0 0 1.6171095371246338 3.987684965133667 1.8508483171463013 171.88796574327304 -63.28737883566873 -5.905304126441479 -1.5773184083045007 
Car 0.0 0 0 0 0 0 0 1.549050211906433 3.705369472503662 1.788678526878357 -50.80822743608397 19.2816018654936 -5.951388149056584 -1.5824471239317752 
Car 0.0 0 0 0 0 0 0 1.441947340965271 4.673638820648193 1.8118125200271606 115.03855181686717 -84.84862195392009 -5.944940013810992 -0.002845529108026495 
Car 0.0 0 0 0 0 0 0 1.4738311767578125 4.1928300857543945 1.8161858320236206 8.574825827256376 16.091444812131044 -5.948779582977295 -0.0028642180490355868 
Car 0.0 0 0 0 0 0 0 1.6171095371246338 3.987684965133667 1.8508483171463013 89.90476258719261 -148.49868378096016 -5.904957637190819 1.836394713889044 
Car 0.0 0 0 0 0 0 0 2.045147180557251 5.565828800201416 2.1499669551849365 75.04064846352045 -61.28409681905487 -5.929826031439006 3.1391143158793655 
Car 0.0 0 0 0 0 0 0 1.6506516933441162 5.0267767906188965 2.1515462398529053 -35.89865717351692 29.537883845317353 -5.802448868751526 -1.5757832290941245 
Car 0.0 0 0 0 0 0 0 1.5749659538269043 5.365678787231445 1.8007241487503052 -65.85659602727722 -26.020288656829507 -5.9265387784689665 -2.516008922995237 
Car 0.0 0 0 0 0 0 0 1.3760247230529785 2.2072951793670654 1.4809197187423706 108.97490981138009 -127.05662112145208 -5.941001682309434 -1.5772057565903903 
Car 0.0 0 0 0 0 0 0 1.6171095371246338 3.987684965133667 1.8508483171463013 156.58721579001255 -88.77696415965829 -5.905017528682947 1.5660921190453807 
Pedestrian 0.0 0 0 0 0 0 0 1.8600000143051147 0.3753577768802643 0.3753577768802643 75.44653315300044 24.165158847696603 -5.769700229167938 2.6021392810739257 
Pedestrian 0.0 0 0 0 0 0 0 1.8600000143051147 0.3753577768802643 0.3753577768802643 96.35129494048098 -156.64538919116262 -5.769700348377228 -1.4366698137605274 
Pedestrian 0.0 0 0 0 0 0 0 1.8600000143051147 0.3753577768802643 0.3753577768802643 32.28689166777232 -110.51317864382713 -5.769700348377228 3.1306076467254345 
Pedestrian 0.0 0 0 0 0 0 0 1.8600000143051147 0.3753577768802643 0.3753577768802643 -30.138450036146907 25.663761571875057 -5.922116041183472 0.33152101171645115 
Pedestrian 0.0 0 0 0 0 0 0 1.8600000143051147 0.3753577768802643 0.3753577768802643 -13.473088741271141 65.61099178712402 -5.769700348377228 1.2358227264622395 
Pedestrian 0.0 0 0 0 0 0 0 1.8600000143051147 0.3753577768802643 0.3753577768802643 -9.93051296806614 4.418502822065207 -5.769700109958649 -3.1143442545805384 
Pedestrian 0.0 0 0 0 0 0 0 1.8600000143051147 0.3753577768802643 0.3753577768802643 -15.792397307356424 -18.976216179753237 -5.769700229167938 1.3806201265103928 
Pedestrian 0.0 0 0 0 0 0 0 1.8600000143051147 0.3753577768802643 0.3753577768802643 147.36397783680965 -105.8967644286704 -5.769700348377228 2.287368553928664 
Pedestrian 0.0 0 0 0 0 0 0 1.8600000143051147 0.3753577768802643 0.3753577768802643 68.1118337279095 -74.84576877366834 -5.769700348377228 0.0059505671396730495 
Pedestrian 0.0 0 0 0 0 0 0 1.8600000143051147 0.3753577768802643 0.3753577768802643 113.3060424540698 -100.06136039130672 -5.922100126743317 1.7078148996150373 
Pedestrian 0.0 0 0 0 0 0 0 1.8600000143051147 0.3753577768802643 0.3753577768802643 91.93192074569217 67.62971274238566 -5.922329366207123 -0.009672208887085388 
Pedestrian 0.0 0 0 0 0 0 0 1.8600000143051147 0.3753577768802643 0.3753577768802643 110.45651454303012 -145.4702843173559 -5.769700348377228 -1.658078635203099 
Pedestrian 0.0 0 0 0 0 0 0 1.8600000143051147 0.3753577768802643 0.3753577768802643 -29.25072622033875 -49.94285756749264 -5.922879219055176 0.007647000754053525 
Pedestrian 0.0 0 0 0 0 0 0 1.8600000143051147 0.3753577768802643 0.3753577768802643 87.64475345295838 71.9311640083638 -5.92241907119751 -0.010775397361218192 
Pedestrian 0.0 0 0 0 0 0 0 1.8600000143051147 0.3753577768802643 0.3753577768802643 111.79085435777284 -117.16142822975237 -5.922746121883392 -3.1109125051998623 
Pedestrian 0.0 0 0 0 0 0 0 1.8600000143051147 0.3753577768802643 0.3753577768802643 125.16846334878896 38.46060907332274 -5.769700348377228 3.111637417648582 
Pedestrian 0.0 0 0 0 0 0 0 1.100000023841858 0.5 0.5 12.936339078618168 -20.298655086886477 -5.922047734260559 -3.099141066865603 
Pedestrian 0.0 0 0 0 0 0 0 1.8600000143051147 0.3753577768802643 0.3753577768802643 201.96498875260656 -11.272574583525056 -5.769700348377228 0.24101161785734518 
Pedestrian 0.0 0 0 0 0 0 0 1.8600000143051147 0.3753577768802643 0.3753577768802643 175.5382085376891 -27.67292768932157 -5.769700109958649 0.7266473650117008 
Pedestrian 0.0 0 0 0 0 0 0 1.8600000143051147 0.3753577768802643 0.3753577768802643 -79.57844934080961 -28.66286191169138 -5.769700109958649 1.1449801711507646 
Pedestrian 0.0 0 0 0 0 0 0 1.8600000143051147 0.3753577768802643 0.3753577768802643 -9.828831406232979 -15.174095436006894 -5.769700229167938 -1.5136724535190784 
Pedestrian 0.0 0 0 0 0 0 0 1.8600000143051147 0.3753577768802643 0.3753577768802643 -14.858892772338123 62.59389765336027 -5.769700348377228 1.2938761761165498 
Pedestrian 0.0 0 0 0 0 0 0 1.8600000143051147 0.3753577768802643 0.3753577768802643 132.84885496652575 -61.75476688504432 -5.769700348377228 -0.034018655923535146 
Pedestrian 0.0 0 0 0 0 0 0 1.8600000143051147 0.3753577768802643 0.3753577768802643 119.78031675200029 80.51616537645737 -5.771616518497467 1.1833390119117209 
Pedestrian 0.0 0 0 0 0 0 0 1.8600000143051147 0.3753577768802643 0.3753577768802643 160.71946676248191 -96.97265471239439 -5.769700348377228 1.627832582070851 
Pedestrian 0.0 0 0 0 0 0 0 1.8600000143051147 0.3753577768802643 0.3753577768802643 -13.773849916883393 57.14290642129822 -5.921574056148529 -0.004049307569215384 
Pedestrian 0.0 0 0 0 0 0 0 1.8600000143051147 0.3753577768802643 0.3753577768802643 9.898048811344523 51.45661685480877 -5.769700348377228 -1.5600482081095004 
Pedestrian 0.0 0 0 0 0 0 0 1.8600000143051147 0.3753577768802643 0.3753577768802643 41.970063548065696 -46.65594878289281 -5.769700348377228 0.11448778891201487 
Pedestrian 0.0 0 0 0 0 0 0 1.8600000143051147 0.3753577768802643 0.3753577768802643 46.80607714549225 3.413127824387857 -5.769700348377228 1.7564917585453421 
Pedestrian 0.0 0 0 0 0 0 0 1.100000023841858 0.5 0.5 141.49083615047024 -117.74226174473972 -5.769700229167938 1.5739287368690478 
Pedestrian 0.0 0 0 0 0 0 0 1.100000023841858 0.5 0.5 140.19894927835864 -75.69604735848316 -5.769700229167938 2.7897456640645575 
Pedestrian 0.0 0 0 0 0 0 0 1.8600000143051147 0.3753577768802643 0.3753577768802643 106.08331893485442 -148.02531598176859 -5.769700229167938 -1.6447114307436643 
Pedestrian 0.0 0 0 0 0 0 0 1.8600000143051147 0.3753577768802643 0.3753577768802643 -28.534152908783682 -90.08095545053857 -5.769700348377228 3.1311306915635257 
Pedestrian 0.0 0 0 0 0 0 0 1.100000023841858 0.5 0.5 56.6695711160705 -132.76034700362243 -5.769700229167938 -0.163041834504175 
Pedestrian 0.0 0 0 0 0 0 0 1.8600000143051147 0.3753577768802643 0.3753577768802643 50.9104522725888 -127.25563787323199 -5.769700348377228 0.016133963556215342 
Pedestrian 0.0 0 0 0 0 0 0 1.8600000143051147 0.3753577768802643 0.3753577768802643 79.24412758583819 38.65613859680525 -5.769700229167938 1.712018566237673 
Pedestrian 0.0 0 0 0 0 0 0 1.8600000143051147 0.3753577768802643 0.3753577768802643 85.55506212079453 -43.816505939203694 -5.769700229167938 0.021518874240058262 
Pedestrian 0.0 0 0 0 0 0 0 1.8600000143051147 0.3753577768802643 0.3753577768802643 -1.941643595606564 -75.31124497599336 -5.769700348377228 -3.1370724702716015 
Pedestrian 0.0 0 0 0 0 0 0 1.8600000143051147 0.3753577768802643 0.3753577768802643 -26.815331256507108 -52.27367359731784 -5.922818124294281 0.0903648341461851 
Pedestrian 0.0 0 0 0 0 0 0 1.8600000143051147 0.3753577768802643 0.3753577768802643 44.773210935443075 -2.598661123458214 -5.769700109958649 -1.9893254079062992 
Pedestrian 0.0 0 0 0 0 0 0 1.8600000143051147 0.3753577768802643 0.3753577768802643 43.70970380272544 -123.33875786556428 -5.769700229167938 -2.9918353823274764 
Pedestrian 0.0 0 0 0 0 0 0 1.8600000143051147 0.3753577768802643 0.3753577768802643 75.21325638034548 -81.60180882209164 -5.769700348377228 3.0507500982783182 
Pedestrian 0.0 0 0 0 0 0 0 1.100000023841858 0.5 0.5 147.9015984744626 -102.89147695007728 -5.921493053436279 3.0573728472771275 
Pedestrian 0.0 0 0 0 0 0 0 1.8600000143051147 0.3753577768802643 0.3753577768802643 -11.262477665466605 56.764567067543794 -5.921908318996429 0.09347753682826972 
Pedestrian 0.0 0 0 0 0 0 0 1.8600000143051147 0.3753577768802643 0.3753577768802643 9.305436166366206 -30.664683280983354 -5.769700348377228 -1.620757495160892 
Pedestrian 0.0 0 0 0 0 0 0 1.8600000143051147 0.3753577768802643 0.3753577768802643 -5.974256749950001 -110.95274771958861 -5.769700348377228 2.575165986605276 
Pedestrian 0.0 0 0 0 0 0 0 1.8600000143051147 0.3753577768802643 0.3753577768802643 189.9538292300933 11.452925495138288 -5.769700229167938 0.1045877289086191 
Pedestrian 0.0 0 0 0 0 0 0 1.8600000143051147 0.3753577768802643 0.3753577768802643 -32.68704763777308 -46.51818467241583 -5.92268705368042 -0.010577242571656783 
Pedestrian 0.0 0 0 0 0 0 0 1.8600000143051147 0.3753577768802643 0.3753577768802643 96.59374942911981 50.19870653623991 -5.769700348377228 1.6271568049442435 
Pedestrian 0.0 0 0 0 0 0 0 1.8600000143051147 0.3753577768802643 0.3753577768802643 23.437043756287096 -41.575930977437594 -5.769700348377228 -0.10301048007539808 
Pedestrian 0.0 0 0 0 0 0 0 1.8600000143051147 0.3753577768802643 0.3753577768802643 67.27712169969286 -74.16917713745454 -5.769700348377228 0.085481645326659 
Pedestrian 0.0 0 0 0 0 0 0 1.8600000143051147 0.3753577768802643 0.3753577768802643 1.1111659445200246 36.309124594619334 -5.769700348377228 2.9187276156631663 
Pedestrian 0.0 0 0 0 0 0 0 1.8600000143051147 0.3753577768802643 0.3753577768802643 161.69730822586288 41.82419685015191 -5.769700348377228 -0.06488117883327138 
Pedestrian 0.0 0 0 0 0 0 0 1.8600000143051147 0.3753577768802643 0.3753577768802643 203.44804608913043 -16.017885903080696 -5.769700348377228 0.467228410463405 
Pedestrian 0.0 0 0 0 0 0 0 1.8600000143051147 0.3753577768802643 0.3753577768802643 44.65095878121346 -6.622347198437296 -5.769700348377228 -3.128678186515672 
Pedestrian 0.0 0 0 0 0 0 0 1.8600000143051147 0.3753577768802643 0.3753577768802643 33.33180076847904 7.089188452692497 -5.922730088233948 3.097632386108073 
Pedestrian 0.0 0 0 0 0 0 0 1.8600000143051147 0.3753577768802643 0.3753577768802643 95.0547920395729 -53.970265305601515 -5.922244846820831 0.03573962182886338 
Pedestrian 0.0 0 0 0 0 0 0 1.8600000143051147 0.3753577768802643 0.3753577768802643 158.90220375310716 -55.920872697594405 -5.769700229167938 3.0609167157396957 
Pedestrian 0.0 0 0 0 0 0 0 1.8600000143051147 0.3753577768802643 0.3753577768802643 12.899136991963104 95.64998390648452 -5.769700229167938 1.6709178679764256 
Pedestrian 0.0 0 0 0 0 0 0 1.8600000143051147 0.3753577768802643 0.3753577768802643 96.10400344408012 -120.09253407823383 -5.769700229167938 -1.7671537239694743 
Pedestrian 0.0 0 0 0 0 0 0 1.8600000143051147 0.3753577768802643 0.3753577768802643 17.422486726436517 -138.27240603955124 -5.769700348377228 2.443656428816073 
Pedestrian 0.0 0 0 0 0 0 0 1.8600000143051147 0.3753577768802643 0.3753577768802643 121.02389862470991 42.418868528447376 -5.769700348377228 3.0670965810492246 
Pedestrian 0.0 0 0 0 0 0 0 1.8600000143051147 0.3753577768802643 0.3753577768802643 -26.956642857175012 -50.49002981227909 -5.922042489051819 -3.0569781668035776 
Pedestrian 0.0 0 0 0 0 0 0 1.8600000143051147 0.3753577768802643 0.3753577768802643 31.987501230615422 -38.710652459051644 -5.769700229167938 0.011983691232841254 
Pedestrian 0.0 0 0 0 0 0 0 1.8600000143051147 0.3753577768802643 0.3753577768802643 61.298915934656605 -163.54398305455607 -5.769700348377228 -0.5140601648114757 
Pedestrian 0.0 0 0 0 0 0 0 1.8600000143051147 0.3753577768802643 0.3753577768802643 -18.07540315086058 -22.30662271339645 -5.769700348377228 -1.5080796820718576 
Pedestrian 0.0 0 0 0 0 0 0 1.8600000143051147 0.3753577768802643 0.3753577768802643 54.873230691839666 -12.987142590315784 -5.769700109958649 3.0729613944017973 
Pedestrian 0.0 0 0 0 0 0 0 1.8600000143051147 0.3753577768802643 0.3753577768802643 130.90393878674496 34.1661178447803 -5.769700348377228 -0.0036291026211672382 
Pedestrian 0.0 0 0 0 0 0 0 1.8600000143051147 0.3753577768802643 0.3753577768802643 -18.894828151959643 15.202401654490558 -5.769700348377228 -2.4242976445361784 
Pedestrian 0.0 0 0 0 0 0 0 1.8600000143051147 0.3753577768802643 0.3753577768802643 88.97481803169373 45.40821361007238 -5.769700348377228 1.777674675013887 
Pedestrian 0.0 0 0 0 0 0 0 1.8600000143051147 0.3753577768802643 0.3753577768802643 -31.975838894533325 10.040852017167538 -5.769700229167938 -1.5383090904472925 
Pedestrian 0.0 0 0 0 0 0 0 1.8600000143051147 0.3753577768802643 0.3753577768802643 44.459778799756094 -3.4715500423533285 -5.769700348377228 3.002643022663236 
Pedestrian 0.0 0 0 0 0 0 0 1.8600000143051147 0.3753577768802643 0.3753577768802643 137.421387222309 -92.77162539378514 -5.922177612781525 -2.9064363282841237 
Pedestrian 0.0 0 0 0 0 0 0 1.8600000143051147 0.3753577768802643 0.3753577768802643 69.66043673626979 -71.03159848468388 -5.769700348377228 -0.24311035524389574 
Pedestrian 0.0 0 0 0 0 0 0 1.8600000143051147 0.3753577768802643 0.3753577768802643 117.51310795885885 -97.2569515885018 -5.778676450252533 -1.6433644038643023 
Pedestrian 0.0 0 0 0 0 0 0 1.8600000143051147 0.3753577768802643 0.3753577768802643 93.00283420247061 -99.29084593247563 -5.769700348377228 3.141575076726599 
Pedestrian 0.0 0 0 0 0 0 0 1.8600000143051147 0.3753577768802643 0.3753577768802643 20.18165819787552 101.16178399815453 -5.769700348377228 1.71776939629559 
Pedestrian 0.0 0 0 0 0 0 0 1.8600000143051147 0.3753577768802643 0.3753577768802643 -11.61279897902412 69.27752509259585 -5.769700348377228 1.2331031063570506 
Pedestrian 0.0 0 0 0 0 0 0 1.8600000143051147 0.3753577768802643 0.3753577768802643 -7.768560232341571 -49.588701738914324 -5.769699990749359 -1.7611762589027915 
Pedestrian 0.0 0 0 0 0 0 0 1.8600000143051147 0.3753577768802643 0.3753577768802643 25.48257653365269 -103.10306802078958 -5.769700348377228 -0.023634291753530053 
Pedestrian 0.0 0 0 0 0 0 0 1.8600000143051147 0.3753577768802643 0.3753577768802643 114.5148989482386 -99.65515224026058 -5.922100186347961 1.5155435905009682 
Pedestrian 0.0 0 0 0 0 0 0 1.8600000143051147 0.3753577768802643 0.3753577768802643 -2.3230884807435643 83.07683620875468 -5.769700348377228 1.6824910339675283 
Pedestrian 0.0 0 0 0 0 0 0 1.8600000143051147 0.3753577768802643 0.3753577768802643 -15.382503553049702 62.136923233913194 -5.769700348377228 1.4449816726807192 
Pedestrian 0.0 0 0 0 0 0 0 1.8600000143051147 0.3753577768802643 0.3753577768802643 116.63328868715072 -44.57375884601311 -5.918608069419861 0.27327258538083343 
Pedestrian 0.0 0 0 0 0 0 0 1.8600000143051147 0.3753577768802643 0.3753577768802643 -14.189317767563836 63.57227108859479 -5.769700348377228 1.3647096032099324 
Pedestrian 0.0 0 0 0 0 0 0 1.100000023841858 0.5 0.5 87.96182667448008 107.18747023640208 -5.769700229167938 -0.11330464630823354 
Pedestrian 0.0 0 0 0 0 0 0 1.8600000143051147 0.3753577768802643 0.3753577768802643 -80.45674881230664 -30.889979721512645 -5.772973001003265 1.1506042347407939 
Pedestrian 0.0 0 0 0 0 0 0 1.100000023841858 0.5 0.5 5.4292653373786095 89.87260874028743 -5.769700229167938 1.6509803787916564 
Pedestrian 0.0 0 0 0 0 0 0 1.8600000143051147 0.3753577768802643 0.3753577768802643 6.753041974254501 33.167819153226674 -5.769700348377228 -0.014656613432494015 
Pedestrian 0.0 0 0 0 0 0 0 1.8600000143051147 0.3753577768802643 0.3753577768802643 114.88008843781765 47.13894692459894 -5.770923912525177 2.8192982300489486 
Pedestrian 0.0 0 0 0 0 0 0 1.8600000143051147 0.3753577768802643 0.3753577768802643 -33.6854454708064 11.704449851364188 -5.769700348377228 -1.6668538841529645 
Pedestrian 0.0 0 0 0 0 0 0 1.8600000143051147 0.3753577768802643 0.3753577768802643 -54.249694390665724 32.18900261416104 -5.77491956949234 -1.5816578961427303 
Pedestrian 0.0 0 0 0 0 0 0 1.8600000143051147 0.3753577768802643 0.3753577768802643 -8.989284254754722 31.930533405070946 -5.922098755836487 1.365759021837478 
Pedestrian 0.0 0 0 0 0 0 0 1.8600000143051147 0.3753577768802643 0.3753577768802643 177.95795604532347 -78.90001603907285 -5.769700348377228 1.6344924821668667 
Pedestrian 0.0 0 0 0 0 0 0 1.8600000143051147 0.3753577768802643 0.3753577768802643 0.9717035355178893 -50.649630158869286 -5.769700348377228 -1.411066848830778 
Pedestrian 0.0 0 0 0 0 0 0 1.8600000143051147 0.3753577768802643 0.3753577768802643 130.61197474485212 -125.74719954376366 -5.769700109958649 -1.607616126761896 
Pedestrian 0.0 0 0 0 0 0 0 1.8600000143051147 0.3753577768802643 0.3753577768802643 109.78703417168387 -35.78024976958159 -5.922400534152985 -2.804875881165625 
Pedestrian 0.0 0 0 0 0 0 0 1.8600000143051147 0.3753577768802643 0.3753577768802643 199.24993984031013 -49.918626080179365 -5.769700348377228 -2.05239066041603 
Pedestrian 0.0 0 0 0 0 0 0 1.8600000143051147 0.3753577768802643 0.3753577768802643 126.84520377264263 -57.962676411195616 -5.769700348377228 3.1334745396389048 
Pedestrian 0.0 0 0 0 0 0 0 1.8600000143051147 0.3753577768802643 0.3753577768802643 143.6243996932878 -108.22890592206318 -5.769700348377228 -1.5412383013302706 
