Car 0.0 0 0 0 0 0 0 1.5248334407806396 4.513522624969482 2.006814479827881 76.29173808449943 59.34587057857584 -5.9074550829827785 -1.568034761902539 
Car 0.0 0 0 0 0 0 0 1.6506516933441162 5.0267767906188965 2.1515462398529053 -13.59771010186003 26.870550669922295 -5.802078381180763 -3.1377329342219413 
Car 0.0 0 0 0 0 0 0 1.7671663761138916 4.552699089050293 2.097072124481201 2.039345464164768 -108.03749476276124 -5.939655647147447 -3.1412243384110354 
Car 0.0 0 0 0 0 0 0 1.4876600503921509 4.791779518127441 2.163450002670288 -10.797551731227287 -37.29578442839215 -5.941757946042344 1.5639880886261635 
Car 0.0 0 0 0 0 0 0 1.7671663761138916 4.552699089050293 2.097072124481201 84.66930537915434 67.81094431219458 -5.940326271113008 -1.5865973941745548 
Car 0.0 0 0 0 0 0 0 1.5248334407806396 4.513522624969482 2.006814479827881 33.661744489852 99.15183614277066 -5.907644368708134 -1.2558584862912325 
Car 0.0 0 0 0 0 0 0 2.045147180557251 5.565828800201416 2.1499669551849365 158.49745003979544 -81.91553524202232 -5.928970547392964 1.5567842378774992 
Car 0.0 0 0 0 0 0 0 1.5749659538269043 5.365678787231445 1.8007241487503052 55.17493663537468 95.45612902081075 -5.924479676410556 2.1724301165483157 
Car 0.0 0 0 0 0 0 0 1.549050211906433 3.705369472503662 1.788678526878357 100.93673426342886 -75.76010909404317 -5.949316768441349 -0.0026348655236457966 
Car 0.0 0 0 0 0 0 0 1.5421181917190552 4.974244117736816 2.0384011268615723 77.9697871162779 5.729243977642739 -5.98533807694912 3.1279255771916157 
Car 0.0 0 0 0 0 0 0 1.6506516933441162 5.0267767906188965 2.1515462398529053 -2.028052855637867 -18.54091716919004 -5.802275329828262 -1.5691350469069052 
Car 0.0 0 0 0 0 0 0 1.3760247230529785 2.2072951793670654 1.4809197187423706 -26.48589837658173 25.917408661142588 -5.94212003715802 2.21068749087174 
Car 0.0 0 0 0 0 0 0 1.8548461198806763 4.6045098304748535 1.9315929412841797 44.09450169165618 17.456017374823205 -5.9423354911850765 1.5735445758818039 
Car 0.0 0 0 0 0 0 0 1.5248334407806396 4.513522624969482 2.006814479827881 184.9982593419895 4.463488332340148 -5.907514933496714 0.017309481821079015 
Car 0.0 0 0 0 0 0 0 1.5421181917190552 4.974244117736816 2.0384011268615723 -0.9083082465050722 -22.361193580807253 -5.9738304521888494 -1.5686426284213495 
Car 0.0 0 0 0 0 0 0 1.6493593454360962 4.855708599090576 2.0327565670013428 149.0967219909373 -91.38207219957872 -5.953047923743725 1.5651727958370854 
Car 0.0 0 0 0 0 0 0 1.5248334407806396 4.513522624969482 2.006814479827881 112.85321066360095 -24.128559642907703 -5.907637272030115 -0.0020284171901305426 
Car 0.0 0 0 0 0 0 0 1.4106587171554565 5.357479572296143 2.033202886581421 -35.534489914101215 -71.16494153447161 -5.9503488736227155 3.131137083150142 
Car 0.0 0 0 0 0 0 0 1.3760247230529785 2.2072951793670654 1.4809197187423706 22.837666086226335 -113.9923303664741 -5.9400226783473045 -0.006966702495376588 
Car 0.0 0 0 0 0 0 0 1.8779358863830566 3.866220712661743 1.9051965475082397 -9.8919560508173 -26.399789669880874 -5.933163586072624 -1.5750752277183269 
Car 0.0 0 0 0 0 0 0 1.5421181917190552 4.974244117736816 2.0384011268615723 152.44693135574286 -92.96423867551312 -5.97381410561502 1.5645054076679115 
Car 0.0 0 0 0 0 0 0 1.5248334407806396 4.513522624969482 2.006814479827881 49.7284461791273 101.38156759467938 -5.907354984432459 -1.0437213936047445 
Car 0.0 0 0 0 0 0 0 1.5347249507904053 5.0078253746032715 1.8816219568252563 -6.23520646810195 -22.722166382958164 -5.943320522317663 -1.5699293347020213 
Car 0.0 0 0 0 0 0 0 1.5107464790344238 4.901683330535889 2.128324270248413 -43.897805092714435 -58.07588532984482 -5.908041097223759 3.1309200355213007 
Car 0.0 0 0 0 0 0 0 1.549050211906433 3.705369472503662 1.788678526878357 177.07160270208712 -52.4456550088953 -5.950229320209473 -1.612837120920942 
Car 0.0 0 0 0 0 0 0 1.5749659538269043 5.365678787231445 1.8007241487503052 27.092142311403308 -6.594148859839493 -5.923481311649084 -0.7283657697050744 
Car 0.0 0 0 0 0 0 0 1.4738311767578125 4.1928300857543945 1.8161858320236206 -19.50744382960309 -46.096155611165386 -5.948822192847729 1.5604221159265474 
Car 0.0 0 0 0 0 0 0 1.5248334407806396 4.513522624969482 2.006814479827881 29.073551031777214 -125.19066450222772 -5.9074456207454205 0.00038456042889815136 
Car 0.0 0 0 0 0 0 0 1.5347249507904053 5.0078253746032715 1.8816219568252563 -15.185656893518427 -41.7178513200422 -5.943292865762487 1.5591536522993428 
Car 0.0 0 0 0 0 0 0 1.3760247230529785 2.2072951793670654 1.4809197187423706 124.12228845660965 -99.92027115191138 -5.940136852441356 0.22688674406778292 
Car 0.0 0 0 0 0 0 0 1.385296106338501 4.181210041046143 1.9941171407699585 124.38208036970727 59.53388329852385 -5.95537721645087 -0.008528252722179703 
Car 0.0 0 0 0 0 0 0 2.045147180557251 5.565828800201416 2.1499669551849365 189.55670790480596 -7.13283640966165 -5.942665843991563 0.2505186036062237 
Car 0.0 0 0 0 0 0 0 1.4876600503921509 4.791779518127441 2.163450002670288 10.511694836547662 19.10262364441644 -5.9419374275021255 -0.0015851886422951463 
Car 0.0 0 0 0 0 0 0 1.441947340965271 4.673638820648193 1.8118125200271606 -18.41346384557383 32.60829224100428 -5.945729541825131 -2.9288596120303727 
Car 0.0 0 0 0 0 0 0 1.4876600503921509 4.791779518127441 2.163450002670288 143.52148719788178 35.82060257411479 -5.941937770927325 3.126603850342609 
Car 0.0 0 0 0 0 0 0 1.4106587171554565 5.357479572296143 2.033202886581421 24.215518821938616 -10.740120600522346 -5.9512575338594615 3.136883119518097 
Car 0.0 0 0 0 0 0 0 1.300939917564392 4.717525005340576 1.894826889038086 66.96161492666388 -37.03669093689149 -5.948850040324032 -0.002685165978734668 
Car 0.0 0 0 0 0 0 0 1.300939917564392 4.717525005340576 1.894826889038086 66.77081526087173 -41.7821535929408 -5.9488501930609345 -0.0027914817621344234 
Car 0.0 0 0 0 0 0 0 1.441947340965271 4.673638820648193 1.8118125200271606 77.16781326280349 55.283251774137625 -5.9446169472066686 -1.5680721793158545 
Car 0.0 0 0 0 0 0 0 1.8548461198806763 4.6045098304748535 1.9315929412841797 53.115205209959385 36.27616845772741 -5.929243222810328 -1.6010891184042755 
Car 0.0 0 0 0 0 0 0 1.4106587171554565 5.357479572296143 2.033202886581421 4.369519196987852 20.27357937734189 -5.950999393127859 -0.002731754653054242 
Car 0.0 0 0 0 0 0 0 1.300939917564392 4.717525005340576 1.894826889038086 68.77407149303619 -59.99071698974012 -5.948682002723217 3.1388812892839835 
Car 0.0 0 0 0 0 0 0 1.6506516933441162 5.0267767906188965 2.1515462398529053 124.34564675989444 54.653241229121875 -5.802181109786034 3.135527304207138 
Car 0.0 0 0 0 0 0 0 1.490277647972107 4.89238166809082 1.8367133140563965 34.769417781902774 -125.94061848239812 -5.947400455363095 0.0005491438167743389 
Car 0.0 0 0 0 0 0 0 1.385296106338501 4.181210041046143 1.9941171407699585 102.25803487350944 -13.561105885073516 -5.954847736284137 -0.000902606280857114 
Car 0.0 0 0 0 0 0 0 1.6493593454360962 4.855708599090576 2.0327565670013428 147.0387937989415 37.30340951992406 -5.955213679932058 -0.011138276986579406 
Car 0.0 0 0 0 0 0 0 1.5749659538269043 5.365678787231445 1.8007241487503052 129.44812794659637 -95.5427273578265 -5.926141833886504 -0.5407782618686684 
Car 0.0 0 0 0 0 0 0 1.6171095371246338 3.987684965133667 1.8508483171463013 -26.174133642742248 29.220631831509024 -5.905024129897356 2.4400409213201817 
Car 0.0 0 0 0 0 0 0 1.5107464790344238 4.901683330535889 2.128324270248413 92.86518982956284 -4.188321858225919 -5.90926019847393 -0.0008665849465191906 
Car 0.0 0 0 0 0 0 0 1.385296106338501 4.181210041046143 1.9941171407699585 106.62032190056149 -41.21135919587232 -5.954934635199606 -1.5463232079576135 
Car 0.0 0 0 0 0 0 0 1.4876600503921509 4.791779518127441 2.163450002670288 -61.76984594323042 -11.24868772854461 -5.941935863578692 1.0443525627830934 
Car 0.0 0 0 0 0 0 0 1.5749659538269043 5.365678787231445 1.8007241487503052 7.7379039000918794 -98.90320101894491 -5.929942569695413 -0.0017751817793830317 
Car 0.0 0 0 0 0 0 0 1.6493593454360962 4.855708599090576 2.0327565670013428 159.63858255276838 24.881825902936953 -5.948290042579174 -0.006374441476375486 
Car 0.0 0 0 0 0 0 0 1.7671663761138916 4.552699089050293 2.097072124481201 124.04314309055061 50.03364118003253 -5.939701481023803 3.134892406603263 
Car 0.0 0 0 0 0 0 0 1.5749659538269043 5.365678787231445 1.8007241487503052 55.359465477949215 -143.5218900141324 -5.924632854759693 -0.3453883578286027 
Car 0.0 0 0 0 0 0 0 1.4738311767578125 4.1928300857543945 1.8161858320236206 111.61379683732109 -124.38928104411706 -5.948898906819522 -1.5786947299558536 
Car 0.0 0 0 0 0 0 0 1.7671663761138916 4.552699089050293 2.097072124481201 59.936290950932715 -152.36493449478075 -5.939698772504926 2.5739095072029765 
Car 0.0 0 0 0 0 0 0 1.4106587171554565 5.357479572296143 2.033202886581421 119.49074649789097 59.5113983107226 -5.951093235053122 3.1262768141607475 
Car 0.0 0 0 0 0 0 0 1.4106587171554565 5.357479572296143 2.033202886581421 38.4326047551892 -134.55736489017477 -5.950051517225802 9.108010928070994e-05 
Car 0.0 0 0 0 0 0 0 1.5012825727462769 3.633375883102417 1.845113754272461 64.91875313394846 -156.8334867682588 -5.9618438966572285 2.4557698170342985 
Car 0.0 0 0 0 0 0 0 1.8548461198806763 4.6045098304748535 1.9315929412841797 -6.095184387821774 -27.532901300644653 -5.94242147449404 -1.5726412316400489 
Car 0.0 0 0 0 0 0 0 1.4738311767578125 4.1928300857543945 1.8161858320236206 73.23326287742086 46.43186550316318 -5.948825397528708 1.5720510751424874 
Car 0.0 0 0 0 0 0 0 1.385296106338501 4.181210041046143 1.9941171407699585 129.28608813811636 -45.45719780095237 -5.954442729242146 3.1395854290762006 
Car 0.0 0 0 0 0 0 0 1.5347249507904053 5.0078253746032715 1.8816219568252563 13.98159983424145 -110.08724905785493 -5.943538913728844 0.0003723099203930775 
Car 0.0 0 0 0 0 0 0 1.490277647972107 4.89238166809082 1.8367133140563965 159.5654188294878 29.873985815715173 -5.949102534912527 -0.006124161550259582 
Car 0.0 0 0 0 0 0 0 1.4876600503921509 4.791779518127441 2.163450002670288 50.499418497836174 -37.17596392463362 -5.941879062680528 -3.1066245495287257 
Car 0.0 0 0 0 0 0 0 1.3760247230529785 2.2072951793670654 1.4809197187423706 111.6214278258553 -105.67910659933978 -5.940414066426456 -1.4837812666020835 
Car 0.0 0 0 0 0 0 0 1.4876600503921509 4.791779518127441 2.163450002670288 128.39111228098037 50.66019290618789 -5.941762828850187 3.1343829438867306 
Car 0.0 0 0 0 0 0 0 1.5248334407806396 4.513522624969482 2.006814479827881 103.61023721501041 -73.3608875317849 -5.907274227589369 0.01072348548561036 
Car 0.0 0 0 0 0 0 0 1.5012825727462769 3.633375883102417 1.845113754272461 84.97824622588993 -154.59931472568223 -5.961830196902156 2.0029815653440077 
Car 0.0 0 0 0 0 0 0 1.5107464790344238 4.901683330535889 2.128324270248413 147.1230077865773 42.102370332015425 -5.9106723591685295 -0.014911872221491606 
Car 0.0 0 0 0 0 0 0 2.045147180557251 5.565828800201416 2.1499669551849365 42.39736989872367 -28.82548232480292 -5.932288493961096 3.1388586524147177 
Car 0.0 0 0 0 0 0 0 1.300939917564392 4.717525005340576 1.894826889038086 60.32381508083617 -46.65480435204347 -5.949321308173239 3.1396424207235283 
Car 0.0 0 0 0 0 0 0 1.8548461198806763 4.6045098304748535 1.9315929412841797 -44.156435542189826 21.083893909925223 -5.9424022865714505 -1.5830483325478606 
Car 0.0 0 0 0 0 0 0 1.300939917564392 4.717525005340576 1.894826889038086 86.77801584379765 64.87924769902884 -5.949196147732437 -1.5771421070403373 
Car 0.0 0 0 0 0 0 0 1.5107464790344238 4.901683330535889 2.128324270248413 5.824609639380384 -106.8761940419601 -5.910326328128576 -3.1390828905785026 
Car 0.0 0 0 0 0 0 0 1.5012825727462769 3.633375883102417 1.845113754272461 195.80268563331808 -13.103483243559822 -5.96182569488883 0.4557394669417759 
Car 0.0 0 0 0 0 0 0 1.549050211906433 3.705369472503662 1.788678526878357 128.90049548702305 59.99240602369542 -5.952948246151209 -0.0060025882464974645 
Car 0.0 0 0 0 0 0 0 1.7671663761138916 4.552699089050293 2.097072124481201 41.2323818356235 94.95313202740999 -5.939710159320384 1.9879466894099653 
Car 0.0 0 0 0 0 0 0 1.6171095371246338 3.987684965133667 1.8508483171463013 19.245543648321785 -10.737264893641736 -5.905348110944033 3.138490070919851 
Car 0.0 0 0 0 0 0 0 1.4738311767578125 4.1928300857543945 1.8161858320236206 165.04691092572781 -65.23890447066105 -5.948588008992374 -1.5776285334134403 
Car 0.0 0 0 0 0 0 0 2.045147180557251 5.565828800201416 2.1499669551849365 -20.74491238624458 46.000605810442494 -5.931586780585349 -2.1897627678708784 
Car 0.0 0 0 0 0 0 0 1.441947340965271 4.673638820648193 1.8118125200271606 76.5693955339045 -153.16017055303496 -5.944723453489132 2.167988629640336 
Car 0.0 0 0 0 0 0 0 1.549050211906433 3.705369472503662 1.788678526878357 6.684783343703856 22.907385513555482 -5.951403216924518 -0.0018144207532723672 
Car 0.0 0 0 0 0 0 0 1.5749659538269043 5.365678787231445 1.8007241487503052 30.558804127697357 93.60601177409217 -5.923495160415769 -1.3332582033683145 
Car 0.0 0 0 0 0 0 0 1.638383150100708 5.237514495849609 1.9297595024108887 81.00200426608782 64.0307828004427 -5.94330301284208 -1.5681675204828793 
Car 0.0 0 0 0 0 0 0 1.6506516933441162 5.0267767906188965 2.1515462398529053 -58.08802147448071 -10.810764500562527 -5.80230325460434 1.061730354686133 
Car 0.0 0 0 0 0 0 0 1.5012825727462769 3.633375883102417 1.845113754272461 152.32456696497908 -63.24101925254354 -5.960798587650061 -0.08851809837778328 
Car 0.0 0 0 0 0 0 0 1.4738311767578125 4.1928300857543945 1.8161858320236206 -69.3364898473383 -14.71509392704047 -5.948883991222829 -2.257825309008088 
Car 0.0 0 0 0 0 0 0 1.5107464790344238 4.901683330535889 2.128324270248413 -46.51072721156956 23.731085772118092 -5.909772206097841 -1.5772057565903903 
Car 0.0 0 0 0 0 0 0 1.6171095371246338 3.987684965133667 1.8508483171463013 172.19083496274285 -62.980150517758375 -5.905381336808205 -1.577511886957695 
Car 0.0 0 0 0 0 0 0 1.549050211906433 3.705369472503662 1.788678526878357 -50.80822743608397 19.2816018654936 -5.951388149056584 -1.5824471239317752 
Car 0.0 0 0 0 0 0 0 1.441947340965271 4.673638820648193 1.8118125200271606 115.03855181686717 -84.84862195392009 -5.944940013810992 -0.002845529108026495 
Car 0.0 0 0 0 0 0 0 1.4738311767578125 4.1928300857543945 1.8161858320236206 8.574825827256376 16.091444812131044 -5.948779582977295 -0.0028642180490355868 
Car 0.0 0 0 0 0 0 0 1.6171095371246338 3.987684965133667 1.8508483171463013 89.68756540178285 -148.61592623288402 -5.905127890408039 1.8405034388188184 
Car 0.0 0 0 0 0 0 0 2.045147180557251 5.565828800201416 2.1499669551849365 74.95204161328431 -61.196061847029114 -5.932133426889777 3.13905945476091 
Car 0.0 0 0 0 0 0 0 1.6506516933441162 5.0267767906188965 2.1515462398529053 -35.47573638567957 29.955668928602876 -5.802498489618301 -1.5711595819675834 
Car 0.0 0 0 0 0 0 0 1.5749659538269043 5.365678787231445 1.8007241487503052 -65.87246484302776 -25.891005058371547 -5.924637319520116 -2.5120906140834034 
Car 0.0 0 0 0 0 0 0 1.3760247230529785 2.2072951793670654 1.4809197187423706 108.97490981138009 -127.05662112145208 -5.941001682309434 -1.5772057565903903 
Car 0.0 0 0 0 0 0 0 1.6171095371246338 3.987684965133667 1.8508483171463013 156.58721579001255 -88.77696415965829 -5.905009023845196 1.5660921190453807 
Pedestrian 0.0 0 0 0 0 0 0 1.8600000143051147 0.3753577768802643 0.3753577768802643 75.28021696514858 24.20091013617639 -5.769700229167938 2.5932310072276104 
Pedestrian 0.0 0 0 0 0 0 0 1.8600000143051147 0.3753577768802643 0.3753577768802643 96.47918127031195 -156.53266219898023 -5.769700348377228 -1.4564961159697858 
Pedestrian 0.0 0 0 0 0 0 0 1.8600000143051147 0.3753577768802643 0.3753577768802643 32.16535497439824 -110.3943124152579 -5.769700348377228 3.1305687645735194 
Pedestrian 0.0 0 0 0 0 0 0 1.8600000143051147 0.3753577768802643 0.3753577768802643 -30.067222511677784 25.509216848058713 -5.922116041183472 0.3393069961898932 
Pedestrian 0.0 0 0 0 0 0 0 1.8600000143051147 0.3753577768802643 0.3753577768802643 -13.538999644566758 65.47366453327209 -5.769700348377228 1.2347362898955416 
Pedestrian 0.0 0 0 0 0 0 0 1.8600000143051147 0.3753577768802643 0.3753577768802643 -10.047401876424203 4.541941310053602 -5.769700109958649 -3.1143442545805384 
Pedestrian 0.0 0 0 0 0 0 0 1.8600000143051147 0.3753577768802643 0.3753577768802643 -15.9204832424048 -19.102311477738567 -5.769700229167938 1.5156923280478491 
Pedestrian 0.0 0 0 0 0 0 0 1.8600000143051147 0.3753577768802643 0.3753577768802643 147.26993305291282 -105.93464940306626 -5.769700348377228 2.175395812738228 
Pedestrian 0.0 0 0 0 0 0 0 1.8600000143051147 0.3753577768802643 0.3753577768802643 68.21310368486017 -74.94568156820331 -5.769700348377228 0.0002849582366384785 
Pedestrian 0.0 0 0 0 0 0 0 1.8600000143051147 0.3753577768802643 0.3753577768802643 113.17644057605602 -100.15694272044709 -5.922100126743317 1.7145544282276464 
Pedestrian 0.0 0 0 0 0 0 0 1.8600000143051147 0.3753577768802643 0.3753577768802643 92.0315572592942 67.53048626684472 -5.922329366207123 -0.00581328742726327 
Pedestrian 0.0 0 0 0 0 0 0 1.8600000143051147 0.3753577768802643 0.3753577768802643 110.54697851881323 -145.3616614229328 -5.769700348377228 -1.6594252626082977 
Pedestrian 0.0 0 0 0 0 0 0 1.8600000143051147 0.3753577768802643 0.3753577768802643 -29.14531997088355 -50.04788614571498 -5.922879219055176 0.002530003035575276 
Pedestrian 0.0 0 0 0 0 0 0 1.8600000143051147 0.3753577768802643 0.3753577768802643 87.74514523796731 71.83256332934616 -5.92241907119751 -0.009518544492187815 
Pedestrian 0.0 0 0 0 0 0 0 1.8600000143051147 0.3753577768802643 0.3753577768802643 111.69740196763334 -117.0668288027066 -5.922746121883392 -3.121594178016061 
Pedestrian 0.0 0 0 0 0 0 0 1.8600000143051147 0.3753577768802643 0.3753577768802643 125.0472965366509 38.57651052409342 -5.769700348377228 3.114128538532242 
Pedestrian 0.0 0 0 0 0 0 0 1.100000023841858 0.5 0.5 12.861927625076213 -20.217642451658868 -5.922047734260559 -3.099141066865603 
Pedestrian 0.0 0 0 0 0 0 0 1.8600000143051147 0.3753577768802643 0.3753577768802643 202.04321332483775 -11.407422904077976 -5.769700348377228 0.24889033027099242 
Pedestrian 0.0 0 0 0 0 0 0 1.8600000143051147 0.3753577768802643 0.3753577768802643 175.54819433465215 -27.842631801675452 -5.769700109958649 0.7266473650117008 
Pedestrian 0.0 0 0 0 0 0 0 1.8600000143051147 0.3753577768802643 0.3753577768802643 -79.54319973505201 -28.694389096594477 -5.769700109958649 1.135768696414344 
Pedestrian 0.0 0 0 0 0 0 0 1.8600000143051147 0.3753577768802643 0.3753577768802643 -9.70317649893255 -15.062429196065864 -5.769700229167938 -1.5129458100156503 
Pedestrian 0.0 0 0 0 0 0 0 1.8600000143051147 0.3753577768802643 0.3753577768802643 -14.938058688901748 62.44604514926891 -5.769700348377228 1.2875739385549319 
Pedestrian 0.0 0 0 0 0 0 0 1.8600000143051147 0.3753577768802643 0.3753577768802643 132.95299613550785 -61.855703510321746 -5.769700348377228 -0.02622558494487998 
Pedestrian 0.0 0 0 0 0 0 0 1.8600000143051147 0.3753577768802643 0.3753577768802643 119.70735215447004 80.36572067368502 -5.771616518497467 1.1950217669816805 
Pedestrian 0.0 0 0 0 0 0 0 1.8600000143051147 0.3753577768802643 0.3753577768802643 160.59422927740886 -97.08341260340148 -5.769700348377228 1.6294991882810228 
Pedestrian 0.0 0 0 0 0 0 0 1.8600000143051147 0.3753577768802643 0.3753577768802643 -13.660394630081584 57.032283440444644 -5.921574056148529 -0.007364624015167012 
Pedestrian 0.0 0 0 0 0 0 0 1.8600000143051147 0.3753577768802643 0.3753577768802643 10.019545003659204 51.57552358532416 -5.769700348377228 -1.5600482081095004 
Pedestrian 0.0 0 0 0 0 0 0 1.8600000143051147 0.3753577768802643 0.3753577768802643 42.07575260761103 -46.78910203689116 -5.769700348377228 0.11448778891201487 
Pedestrian 0.0 0 0 0 0 0 0 1.8600000143051147 0.3753577768802643 0.3753577768802643 46.68752380788507 3.3345121321563056 -5.769700348377228 1.7620207472844556 
Pedestrian 0.0 0 0 0 0 0 0 1.100000023841858 0.5 0.5 141.41394952253435 -117.81359175725049 -5.769700229167938 1.58428736824502 
Pedestrian 0.0 0 0 0 0 0 0 1.100000023841858 0.5 0.5 140.298240492129 -75.6003922046998 -5.769700229167938 -2.6474769354714347 
Pedestrian 0.0 0 0 0 0 0 0 1.8600000143051147 0.3753577768802643 0.3753577768802643 106.16793360439132 -147.92782929704197 -5.769700229167938 -1.6436038220463003 
Pedestrian 0.0 0 0 0 0 0 0 1.8600000143051147 0.3753577768802643 0.3753577768802643 -28.655611377621454 -89.96201099740665 -5.769700348377228 3.1311306915635257 
Pedestrian 0.0 0 0 0 0 0 0 1.100000023841858 0.5 0.5 56.74820298223696 -132.8168871552632 -5.769700229167938 -0.1627635341702617 
Pedestrian 0.0 0 0 0 0 0 0 1.8600000143051147 0.3753577768802643 0.3753577768802643 51.037537514298464 -127.37520272701477 -5.769700348377228 -0.005797484791115282 
Pedestrian 0.0 0 0 0 0 0 0 1.8600000143051147 0.3753577768802643 0.3753577768802643 79.10835136408784 38.55535298538325 -5.769700229167938 1.7142139430822798 
Pedestrian 0.0 0 0 0 0 0 0 1.8600000143051147 0.3753577768802643 0.3753577768802643 85.67265656727156 -43.93927395501851 -5.769700229167938 0.021518874240058262 
Pedestrian 0.0 0 0 0 0 0 0 1.8600000143051147 0.3753577768802643 0.3753577768802643 -2.061308294906638 -75.19049596312408 -5.769700348377228 -3.1370724702716015 
Pedestrian 0.0 0 0 0 0 0 0 1.8600000143051147 0.3753577768802643 0.3753577768802643 -26.72269179189132 -52.385335080010236 -5.922818124294281 0.09093952766466738 
Pedestrian 0.0 0 0 0 0 0 0 1.8600000143051147 0.3753577768802643 0.3753577768802643 44.89890829673513 -2.3088620742643116 -5.7697009444236755 -1.9628049839810178 
Pedestrian 0.0 0 0 0 0 0 0 1.8600000143051147 0.3753577768802643 0.3753577768802643 43.61644662872479 -123.196348740227 -5.769700229167938 -2.975048945344489 
Pedestrian 0.0 0 0 0 0 0 0 1.8600000143051147 0.3753577768802643 0.3753577768802643 75.08263839166749 -81.49300035022252 -5.769700348377228 3.0507500982783182 
Pedestrian 0.0 0 0 0 0 0 0 1.100000023841858 0.5 0.5 147.83909165323482 -102.82395838480579 -5.921493053436279 3.08787269966126 
Pedestrian 0.0 0 0 0 0 0 0 1.8600000143051147 0.3753577768802643 0.3753577768802643 -11.16524183349614 56.648622117191735 -5.921908318996429 0.0912585910080157 
Pedestrian 0.0 0 0 0 0 0 0 1.8600000143051147 0.3753577768802643 0.3753577768802643 9.419489224154972 -30.53862136566724 -5.769700348377228 -1.620757495160892 
Pedestrian 0.0 0 0 0 0 0 0 1.8600000143051147 0.3753577768802643 0.3753577768802643 -6.111306839812272 -110.92431649069903 -5.769700348377228 2.569546184072991 
Pedestrian 0.0 0 0 0 0 0 0 1.8600000143051147 0.3753577768802643 0.3753577768802643 190.05093019200078 11.337870686188808 -5.769700229167938 0.09427223241992777 
Pedestrian 0.0 0 0 0 0 0 0 1.8600000143051147 0.3753577768802643 0.3753577768802643 -32.5864049943755 -46.6188650454485 -5.92268705368042 -0.007329136873493056 
Pedestrian 0.0 0 0 0 0 0 0 1.8600000143051147 0.3753577768802643 0.3753577768802643 96.4756087981269 50.09232652380285 -5.769700348377228 1.6256072446639809 
Pedestrian 0.0 0 0 0 0 0 0 1.8600000143051147 0.3753577768802643 0.3753577768802643 23.566887085378028 -41.68162715760914 -5.769700348377228 -0.10271646709105332 
Pedestrian 0.0 0 0 0 0 0 0 1.8600000143051147 0.3753577768802643 0.3753577768802643 67.37401614214555 -74.28482149654572 -5.769700348377228 0.08634718100331315 
Pedestrian 0.0 0 0 0 0 0 0 1.8600000143051147 0.3753577768802643 0.3753577768802643 0.9911964463876473 36.38733833429842 -5.769700348377228 2.9253277277927094 
Pedestrian 0.0 0 0 0 0 0 0 1.8600000143051147 0.3753577768802643 0.3753577768802643 161.82505432889852 41.7120309599037 -5.769700348377228 -0.06486970643463802 
Pedestrian 0.0 0 0 0 0 0 0 1.8600000143051147 0.3753577768802643 0.3753577768802643 203.49476504936726 -16.150748943826784 -5.769700348377228 0.4597006527471598 
Pedestrian 0.0 0 0 0 0 0 0 1.8600000143051147 0.3753577768802643 0.3753577768802643 44.55985953335025 -6.524606987897528 -5.769700348377228 -3.1207036169475386 
Pedestrian 0.0 0 0 0 0 0 0 1.8600000143051147 0.3753577768802643 0.3753577768802643 33.20642567806746 7.203995096235531 -5.922730088233948 3.097632386108073 
Pedestrian 0.0 0 0 0 0 0 0 1.8600000143051147 0.3753577768802643 0.3753577768802643 95.17062643396523 -54.09468817554466 -5.922244846820831 0.03573962182886338 
Pedestrian 0.0 0 0 0 0 0 0 1.8600000143051147 0.3753577768802643 0.3753577768802643 158.784273481388 -55.803093519915365 -5.769700229167938 3.082862761018603 
Pedestrian 0.0 0 0 0 0 0 0 1.8600000143051147 0.3753577768802643 0.3753577768802643 12.768458854075533 95.54235229914184 -5.769700229167938 1.6698972114886528 
Pedestrian 0.0 0 0 0 0 0 0 1.8600000143051147 0.3753577768802643 0.3753577768802643 96.19808327666973 -119.9509368381897 -5.769700229167938 -1.7677802326159155 
Pedestrian 0.0 0 0 0 0 0 0 1.8600000143051147 0.3753577768802643 0.3753577768802643 17.253138666452713 -138.25747866613847 -5.769700348377228 2.4437770700134536 
Pedestrian 0.0 0 0 0 0 0 0 1.8600000143051147 0.3753577768802643 0.3753577768802643 120.9017293921643 42.53346342676758 -5.769700348377228 3.080488286590688 
Pedestrian 0.0 0 0 0 0 0 0 1.8600000143051147 0.3753577768802643 0.3753577768802643 -27.067117523096186 -50.35452333198805 -5.922042489051819 -3.0487420748163987 
Pedestrian 0.0 0 0 0 0 0 0 1.8600000143051147 0.3753577768802643 0.3753577768802643 32.116340116828084 -38.8210835848606 -5.769700229167938 -0.023500588583240466 
Pedestrian 0.0 0 0 0 0 0 0 1.8600000143051147 0.3753577768802643 0.3753577768802643 61.439234598755746 -163.58366715407965 -5.769700348377228 -0.5152157769874883 
Pedestrian 0.0 0 0 0 0 0 0 1.8600000143051147 0.3753577768802643 0.3753577768802643 -17.95244900719038 -22.232777369243195 -5.769700348377228 -1.4291908584712578 
Pedestrian 0.0 0 0 0 0 0 0 1.8600000143051147 0.3753577768802643 0.3753577768802643 54.74541850256011 -12.875056273327345 -5.769700109958649 3.0741699369044753 
Pedestrian 0.0 0 0 0 0 0 0 1.8600000143051147 0.3753577768802643 0.3753577768802643 131.0053424341465 34.06235131109338 -5.769700348377228 0.0030519820890821565 
Pedestrian 0.0 0 0 0 0 0 0 1.8600000143051147 0.3753577768802643 0.3753577768802643 -18.90521046646171 15.37207609539675 -5.769700348377228 -2.422610265669504 
Pedestrian 0.0 0 0 0 0 0 0 1.8600000143051147 0.3753577768802643 0.3753577768802643 88.84222204033787 45.32019478514417 -5.769700348377228 1.7747487930822714 
Pedestrian 0.0 0 0 0 0 0 0 1.8600000143051147 0.3753577768802643 0.3753577768802643 -31.856811494878258 10.153254645715833 -5.769700229167938 -1.539752124283952 
Pedestrian 0.0 0 0 0 0 0 0 1.8600000143051147 0.3753577768802643 0.3753577768802643 44.32096122819834 -3.374984556799859 -5.769700348377228 2.9895426669450273 
Pedestrian 0.0 0 0 0 0 0 0 1.8600000143051147 0.3753577768802643 0.3753577768802643 137.35735906195507 -92.66550166489401 -5.922177612781525 -2.910529873195684 
Pedestrian 0.0 0 0 0 0 0 0 1.8600000143051147 0.3753577768802643 0.3753577768802643 69.80789980355596 -71.11117002257629 -5.769700348377228 -0.2552754087872687 
Pedestrian 0.0 0 0 0 0 0 0 1.8600000143051147 0.3753577768802643 0.3753577768802643 117.61872996372674 -97.14578369626634 -5.778676450252533 -1.6299362130159047 
Pedestrian 0.0 0 0 0 0 0 0 1.8600000143051147 0.3753577768802643 0.3753577768802643 92.87555255515004 -99.16356871134265 -5.769700348377228 3.141575076726599 
Pedestrian 0.0 0 0 0 0 0 0 1.8600000143051147 0.3753577768802643 0.3753577768802643 20.05315416099708 101.06594002156817 -5.769700348377228 1.7171221149926463 
Pedestrian 0.0 0 0 0 0 0 0 1.8600000143051147 0.3753577768802643 0.3753577768802643 -11.673959765589444 69.14970616840606 -5.769700348377228 1.2326538310811541 
Pedestrian 0.0 0 0 0 0 0 0 1.8600000143051147 0.3753577768802643 0.3753577768802643 -7.6775095765097205 -49.45592229428803 -5.769699990749359 -1.7588862066814324 
Pedestrian 0.0 0 0 0 0 0 0 1.8600000143051147 0.3753577768802643 0.3753577768802643 25.605228601012726 -103.22078380881351 -5.769700348377228 -0.022866028035691037 
Pedestrian 0.0 0 0 0 0 0 0 1.8600000143051147 0.3753577768802643 0.3753577768802643 114.4064096110969 -99.77862836123313 -5.922100186347961 1.5125492653293375 
Pedestrian 0.0 0 0 0 0 0 0 1.8600000143051147 0.3753577768802643 0.3753577768802643 -2.455946116689603 82.97077988162755 -5.769700348377228 1.6824962271316541 
Pedestrian 0.0 0 0 0 0 0 0 1.8600000143051147 0.3753577768802643 0.3753577768802643 -15.393174430498021 61.9586036280391 -5.769700348377228 1.1693026882284039 
Pedestrian 0.0 0 0 0 0 0 0 1.8600000143051147 0.3753577768802643 0.3753577768802643 116.71451007129687 -44.72313805047952 -5.7764018177986145 0.2769696022508382 
Pedestrian 0.0 0 0 0 0 0 0 1.8600000143051147 0.3753577768802643 0.3753577768802643 -14.276152389872578 63.43922460225167 -5.769700348377228 1.364284962174119 
Pedestrian 0.0 0 0 0 0 0 0 1.100000023841858 0.5 0.5 88.04790066445591 107.11898330912891 -5.769700229167938 -0.11330464630823354 
Pedestrian 0.0 0 0 0 0 0 0 1.8600000143051147 0.3753577768802643 0.3753577768802643 -80.5367482297502 -31.009253291195364 -5.772973001003265 1.254143011075058 
Pedestrian 0.0 0 0 0 0 0 0 1.100000023841858 0.5 0.5 5.347442470339473 89.80299966703342 -5.769700229167938 1.6511279179160467 
Pedestrian 0.0 0 0 0 0 0 0 1.8600000143051147 0.3753577768802643 0.3753577768802643 6.854226794206824 33.07007624698895 -5.769700348377228 -0.014471515414355101 
Pedestrian 0.0 0 0 0 0 0 0 1.8600000143051147 0.3753577768802643 0.3753577768802643 114.74261957098983 47.20229125342769 -5.770923912525177 2.8109825095451764 
Pedestrian 0.0 0 0 0 0 0 0 1.8600000143051147 0.3753577768802643 0.3753577768802643 -33.576675605084375 11.832899974772772 -5.769700348377228 -1.6618265018051674 
Pedestrian 0.0 0 0 0 0 0 0 1.8600000143051147 0.3753577768802643 0.3753577768802643 -54.13154027535407 32.31123523616577 -5.77491956949234 -1.5830551236086403 
Pedestrian 0.0 0 0 0 0 0 0 1.8600000143051147 0.3753577768802643 0.3753577768802643 -9.055545825019891 31.824026623661894 -5.922098755836487 1.3575647414794132 
Pedestrian 0.0 0 0 0 0 0 0 1.8600000143051147 0.3753577768802643 0.3753577768802643 177.83034754744446 -79.01233572407136 -5.769700348377228 1.6344924821668667 
Pedestrian 0.0 0 0 0 0 0 0 1.8600000143051147 0.3753577768802643 0.3753577768802643 1.100822579462573 -50.55534797577093 -5.769700348377228 -1.4129695442715853 
Pedestrian 0.0 0 0 0 0 0 0 1.8600000143051147 0.3753577768802643 0.3753577768802643 130.72767827345504 -125.62264850836885 -5.769700109958649 -1.607616126761896 
Pedestrian 0.0 0 0 0 0 0 0 1.8600000143051147 0.3753577768802643 0.3753577768802643 109.72710335549434 -35.65164322551482 -5.922400534152985 -2.8055469977603247 
Pedestrian 0.0 0 0 0 0 0 0 1.8600000143051147 0.3753577768802643 0.3753577768802643 199.30066708460706 -49.756377566376614 -5.769700348377228 -2.0526113033123425 
Pedestrian 0.0 0 0 0 0 0 0 1.8600000143051147 0.3753577768802643 0.3753577768802643 126.73972199589886 -57.85683321871193 -5.769700348377228 3.136947568016477 
Pedestrian 0.0 0 0 0 0 0 0 1.8600000143051147 0.3753577768802643 0.3753577768802643 143.73476642292619 -108.1250560705032 -5.769700348377228 -1.5405747747446774 
