Car 0.0 0 0 0 0 0 0 1.5248334407806396 4.513522624969482 2.006814479827881 76.68128278866513 59.733446313025524 -5.906747341156006 -1.567884959091222 
Car 0.0 0 0 0 0 0 0 1.6506516933441162 5.0267767906188965 2.1515462398529053 -13.997754566150576 27.298003258412223 -5.80020247399807 -3.13004518710321 
Car 0.0 0 0 0 0 0 0 1.7671663761138916 4.552699089050293 2.097072124481201 1.2995090141914432 -107.29741040164413 -5.939630393870175 -3.1414086291584686 
Car 0.0 0 0 0 0 0 0 1.4876600503921509 4.791779518127441 2.163450002670288 -10.797551731227287 -37.29578442839215 -5.941757946042344 1.5639880886261635 
Car 0.0 0 0 0 0 0 0 1.7671663761138916 4.552699089050293 2.097072124481201 84.66930537915434 67.81094431219458 -5.940326271113008 -1.5865973941745548 
Car 0.0 0 0 0 0 0 0 1.5248334407806396 4.513522624969482 2.006814479827881 34.577047167992504 99.61528168667428 -5.907454013824463 -1.254795618700182 
Car 0.0 0 0 0 0 0 0 2.045147180557251 5.565828800201416 2.1499669551849365 158.46799985062464 -81.94528754977887 -5.93711301824078 1.5571758557157953 
Car 0.0 0 0 0 0 0 0 1.5749659538269043 5.365678787231445 1.8007241487503052 54.90681525770421 95.4013933701467 -5.923420734703541 2.168065728153894 
Car 0.0 0 0 0 0 0 0 1.549050211906433 3.705369472503662 1.788678526878357 101.45459165750546 -76.27503693949643 -5.952600955963135 -0.002747239738451157 
Car 0.0 0 0 0 0 0 0 1.5421181917190552 4.974244117736816 2.0384011268615723 77.67470248698001 6.022310853888314 -5.972942065447569 3.130089928209523 
Car 0.0 0 0 0 0 0 0 1.6506516933441162 5.0267767906188965 2.1515462398529053 -2.028052855637867 -18.54091716919004 -5.802252188324928 -1.5691350469069052 
Car 0.0 0 0 0 0 0 0 1.3760247230529785 2.2072951793670654 1.4809197187423706 -26.537657737948166 25.903812079319692 -5.942622737959027 2.1949278356470328 
Car 0.0 0 0 0 0 0 0 1.8548461198806763 4.6045098304748535 1.9315929412841797 44.09450169165618 17.456017374823205 -5.9423354911850765 1.5735445758818039 
Car 0.0 0 0 0 0 0 0 1.5248334407806396 4.513522624969482 2.006814479827881 185.77774823240176 3.654069378721033 -5.907639674842358 0.0182096302695258 
Car 0.0 0 0 0 0 0 0 1.5421181917190552 4.974244117736816 2.0384011268615723 -0.9083082465050722 -22.361193580807253 -5.973811663687229 -1.5686426284213495 
Car 0.0 0 0 0 0 0 0 1.6493593454360962 4.855708599090576 2.0327565670013428 149.0967219909373 -91.38207219957872 -5.953028850257397 1.5651727958370854 
Car 0.0 0 0 0 0 0 0 1.5248334407806396 4.513522624969482 2.006814479827881 113.6046466018781 -24.87720082369492 -5.907537326216698 -0.0019114543539684628 
Car 0.0 0 0 0 0 0 0 1.4106587171554565 5.357479572296143 2.033202886581421 -35.66469604694069 -71.03740047456449 -5.951126193627715 3.1310209693266144 
Car 0.0 0 0 0 0 0 0 1.3760247230529785 2.2072951793670654 1.4809197187423706 23.615007841975938 -114.7682422392877 -5.940219898242503 -0.0062043471460575365 
Car 0.0 0 0 0 0 0 0 1.8779358863830566 3.866220712661743 1.9051965475082397 -9.891957399516201 -26.39979101858023 -5.933145542629063 -1.5750752277183269 
Car 0.0 0 0 0 0 0 0 1.5421181917190552 4.974244117736816 2.0384011268615723 152.44693135574286 -92.96423867551312 -5.973810080438852 1.5645054076679115 
Car 0.0 0 0 0 0 0 0 1.5248334407806396 4.513522624969482 2.006814479827881 50.77271149933037 101.65922176307322 -5.907541446387768 -1.0445624198769916 
Car 0.0 0 0 0 0 0 0 1.5347249507904053 5.0078253746032715 1.8816219568252563 -6.23520646810195 -22.722166382958164 -5.943309612281155 -1.5699293347020213 
Car 0.0 0 0 0 0 0 0 1.5107464790344238 4.901683330535889 2.128324270248413 -44.320611549922006 -57.66200200713183 -5.9079679697752 3.1309152418313384 
Car 0.0 0 0 0 0 0 0 1.549050211906433 3.705369472503662 1.788678526878357 177.57298419982905 -51.84678935260217 -5.95298364572227 -1.637362304557536 
Car 0.0 0 0 0 0 0 0 1.5749659538269043 5.365678787231445 1.8007241487503052 27.486194445463838 -6.665710769206157 -5.923545742407441 -0.6903135253646134 
Car 0.0 0 0 0 0 0 0 1.4738311767578125 4.1928300857543945 1.8161858320236206 -19.50744382960309 -46.096155611165386 -5.948810710571706 1.5604221159265474 
Car 0.0 0 0 0 0 0 0 1.5248334407806396 4.513522624969482 2.006814479827881 29.556064411082133 -125.67362009208114 -5.905737478286028 0.0004271710063394192 
Car 0.0 0 0 0 0 0 0 1.5347249507904053 5.0078253746032715 1.8816219568252563 -15.185656893518427 -41.7178513200422 -5.943292865762487 1.5591536522993428 
Car 0.0 0 0 0 0 0 0 1.3760247230529785 2.2072951793670654 1.4809197187423706 124.70093448949874 -100.8602496098996 -5.940253009786829 0.23777905628145019 
Car 0.0 0 0 0 0 0 0 1.385296106338501 4.181210041046143 1.9941171407699585 125.20303636371031 58.723501380717266 -5.9555986588820815 -0.00809770799918446 
Car 0.0 0 0 0 0 0 0 2.045147180557251 5.565828800201416 2.1499669551849365 189.74205159438768 -7.491352975753216 -5.942129917209968 0.26398993766428047 
Car 0.0 0 0 0 0 0 0 1.4876600503921509 4.791779518127441 2.163450002670288 10.511694836547662 19.10262364441644 -5.941926364903338 -0.0015851886422951463 
Car 0.0 0 0 0 0 0 0 1.441947340965271 4.673638820648193 1.8118125200271606 -18.47781974065768 32.71940750531758 -5.945098171243444 -2.9244123993260493 
Car 0.0 0 0 0 0 0 0 1.4876600503921509 4.791779518127441 2.163450002670288 142.6652957613252 36.65145976181208 -5.941831264528446 3.126618764044714 
Car 0.0 0 0 0 0 0 0 1.4106587171554565 5.357479572296143 2.033202886581421 24.046263796524926 -10.57292914149707 -5.951254443731159 3.1382123032181557 
Car 0.0 0 0 0 0 0 0 1.300939917564392 4.717525005340576 1.894826889038086 67.56029650139007 -37.63217319596208 -5.94912660587579 -0.00268505310647753 
Car 0.0 0 0 0 0 0 0 1.300939917564392 4.717525005340576 1.894826889038086 67.36962496201497 -42.377634503290665 -5.949126796796918 -0.0027914053002828136 
Car 0.0 0 0 0 0 0 0 1.441947340965271 4.673638820648193 1.8118125200271606 78.0116483107565 56.12233429007779 -5.944981784792617 -1.5679217107142651 
Car 0.0 0 0 0 0 0 0 1.8548461198806763 4.6045098304748535 1.9315929412841797 53.16568700968352 36.327680680781214 -5.939046039711684 -1.5998185242481986 
Car 0.0 0 0 0 0 0 0 1.4106587171554565 5.357479572296143 2.033202886581421 4.369519196987852 20.27357937734189 -5.950999393127859 -0.002731754653054242 
Car 0.0 0 0 0 0 0 0 1.300939917564392 4.717525005340576 1.894826889038086 68.62894200144123 -59.84603261771679 -5.949158305767924 3.1377395921246665 
Car 0.0 0 0 0 0 0 0 1.6506516933441162 5.0267767906188965 2.1515462398529053 124.34564675989444 54.653241229121875 -5.802181109786034 3.135527304207138 
Car 0.0 0 0 0 0 0 0 1.490277647972107 4.89238166809082 1.8367133140563965 35.27721657673871 -126.44881632089209 -5.949250545352697 0.0004873585445030819 
Car 0.0 0 0 0 0 0 0 1.385296106338501 4.181210041046143 1.9941171407699585 102.49921064092675 -13.800878924314475 -5.955141200684011 0.0005331647527059915 
Car 0.0 0 0 0 0 0 0 1.6493593454360962 4.855708599090576 2.0327565670013428 147.62345024750184 36.73118287757495 -5.954705524258316 -0.010950036230294738 
Car 0.0 0 0 0 0 0 0 1.5749659538269043 5.365678787231445 1.8007241487503052 129.96882562295227 -95.59447146083687 -5.924770470708609 -0.5969859744399857 
Car 0.0 0 0 0 0 0 0 1.6171095371246338 3.987684965133667 1.8508483171463013 -26.174133642742248 29.220631831509024 -5.9050062745809555 2.4400409213201817 
Car 0.0 0 0 0 0 0 0 1.5107464790344238 4.901683330535889 2.128324270248413 92.96971335536551 -4.292920875924409 -5.910183619707823 -0.0014380146622573415 
Car 0.0 0 0 0 0 0 0 1.385296106338501 4.181210041046143 1.9941171407699585 106.62032190056149 -41.21135919587232 -5.954925288446248 -1.5463232079576135 
Car 0.0 0 0 0 0 0 0 1.4876600503921509 4.791779518127441 2.163450002670288 -62.03526164341136 -12.412855190292476 -5.94183160783723 1.016625260830815 
Car 0.0 0 0 0 0 0 0 1.5749659538269043 5.365678787231445 1.8007241487503052 7.9929807118599285 -99.15736062945422 -5.924712410196662 -0.0017846138949351707 
Car 0.0 0 0 0 0 0 0 1.6493593454360962 4.855708599090576 2.0327565670013428 159.88112859849193 24.642106811892177 -5.953978977166116 -0.006525440109439727 
Car 0.0 0 0 0 0 0 0 1.7671663761138916 4.552699089050293 2.097072124481201 123.30676538175268 50.760329587631304 -5.939574528019875 3.134940876135102 
Car 0.0 0 0 0 0 0 0 1.5749659538269043 5.365678787231445 1.8007241487503052 55.71418146735866 -143.67740305613097 -5.923475189134479 -0.35352155192916385 
Car 0.0 0 0 0 0 0 0 1.4738311767578125 4.1928300857543945 1.8161858320236206 111.80050624529383 -124.19996049123614 -5.948900050949305 -1.5786509209559219 
Car 0.0 0 0 0 0 0 0 1.7671663761138916 4.552699089050293 2.097072124481201 58.921419088502915 -152.10251288149743 -5.939609565772116 2.593785477366565 
Car 0.0 0 0 0 0 0 0 1.4106587171554565 5.357479572296143 2.033202886581421 119.49074649789097 59.5113983107226 -5.951079807244241 3.1262768141607475 
Car 0.0 0 0 0 0 0 0 1.4106587171554565 5.357479572296143 2.033202886581421 38.79185240747344 -134.91337014916962 -5.950807628687471 -0.0015237395811077954 
Car 0.0 0 0 0 0 0 0 1.5012825727462769 3.633375883102417 1.845113754272461 64.2627377705987 -156.74641216567102 -5.962715396657586 2.4697530106538688 
Car 0.0 0 0 0 0 0 0 1.8548461198806763 4.6045098304748535 1.9315929412841797 -6.095184387821774 -27.532901300644653 -5.942404575413093 -1.5726412316400489 
Car 0.0 0 0 0 0 0 0 1.4738311767578125 4.1928300857543945 1.8161858320236206 73.23326287742086 46.43186550316318 -5.948811626527458 1.5720510751424874 
Car 0.0 0 0 0 0 0 0 1.385296106338501 4.181210041046143 1.9941171407699585 129.116535049897 -45.28823819741888 -5.9546284675598145 3.1397859651062836 
Car 0.0 0 0 0 0 0 0 1.5347249507904053 5.0078253746032715 1.8816219568252563 14.238389494397069 -110.34433534518598 -5.943297710415209 0.0005422195979401329 
Car 0.0 0 0 0 0 0 0 1.490277647972107 4.89238166809082 1.8367133140563965 160.3232610886267 29.125358122999273 -5.948837757110596 -0.006128130804610831 
Car 0.0 0 0 0 0 0 0 1.4876600503921509 4.791779518127441 2.163450002670288 49.79852421739409 -36.43267757663108 -5.941470470512286 -3.104676447191333 
Car 0.0 0 0 0 0 0 0 1.3760247230529785 2.2072951793670654 1.4809197187423706 112.26687129912116 -105.10207972941026 -5.941551456460729 -1.4365529009886728 
Car 0.0 0 0 0 0 0 0 1.4876600503921509 4.791779518127441 2.163450002670288 128.3910306846693 50.66027450247145 -5.9418594932649285 3.1343829438867306 
Car 0.0 0 0 0 0 0 0 1.5248334407806396 4.513522624969482 2.006814479827881 104.39873676365752 -74.16646404006565 -5.907135523855686 0.010644653836749415 
Car 0.0 0 0 0 0 0 0 1.5012825727462769 3.633375883102417 1.845113754272461 84.34536649595745 -154.80024402865592 -5.962709369137883 2.022923315586521 
Car 0.0 0 0 0 0 0 0 1.5107464790344238 4.901683330535889 2.128324270248413 147.80371927692872 41.43846925429591 -5.910765361040831 -0.01360214832274205 
Car 0.0 0 0 0 0 0 0 2.045147180557251 5.565828800201416 2.1499669551849365 42.101923143542564 -28.531424829107948 -5.940224971855059 3.1382884696253317 
Car 0.0 0 0 0 0 0 0 1.300939917564392 4.717525005340576 1.894826889038086 60.05025636749579 -46.38252699489698 -5.949317378923297 3.139538024808797 
Car 0.0 0 0 0 0 0 0 1.8548461198806763 4.6045098304748535 1.9315929412841797 -44.156435542189826 21.083893909925223 -5.9424022865714505 -1.5830483325478606 
Car 0.0 0 0 0 0 0 0 1.300939917564392 4.717525005340576 1.894826889038086 86.77802123859325 64.87925309382626 -5.949164561927319 -1.5771421070403373 
Car 0.0 0 0 0 0 0 0 1.5107464790344238 4.901683330535889 2.128324270248413 5.061748868087335 -106.11158561410758 -5.910121403634548 -3.13998010954975 
Car 0.0 0 0 0 0 0 0 1.5012825727462769 3.633375883102417 1.845113754272461 195.98851490270042 -13.747395334915382 -5.962680758908391 0.4786352620444324 
Car 0.0 0 0 0 0 0 0 1.549050211906433 3.705369472503662 1.788678526878357 129.5407291394831 59.35979003850389 -5.953829135745764 -0.00600367067583896 
Car 0.0 0 0 0 0 0 0 1.7671663761138916 4.552699089050293 2.097072124481201 40.27547987488148 94.5291817817947 -5.939658756367862 1.9619282713501636 
Car 0.0 0 0 0 0 0 0 1.6171095371246338 3.987684965133667 1.8508483171463013 18.716598596892 -10.21159196409485 -5.905383434146643 3.138488473023197 
Car 0.0 0 0 0 0 0 0 1.4738311767578125 4.1928300857543945 1.8161858320236206 165.81035002956784 -64.46496683361647 -5.948638477362692 -1.5776281339392768 
Car 0.0 0 0 0 0 0 0 2.045147180557251 5.565828800201416 2.1499669551849365 -20.650993079652523 46.32490457800566 -5.940044841961935 -2.1647990947608027 
Car 0.0 0 0 0 0 0 0 1.441947340965271 4.673638820648193 1.8118125200271606 75.53022827395918 -153.30465416854554 -5.944533939356916 2.202565249021162 
Car 0.0 0 0 0 0 0 0 1.549050211906433 3.705369472503662 1.788678526878357 6.684783343703856 22.907385513555482 -5.951391811016947 -0.0018144207532723672 
Car 0.0 0 0 0 0 0 0 1.5749659538269043 5.365678787231445 1.8007241487503052 31.161856001692712 93.96112975129154 -5.923461189493537 -1.3256058762920808 
Car 0.0 0 0 0 0 0 0 1.638383150100708 5.237514495849609 1.9297595024108887 81.00200966088343 64.03078819524012 -5.943304500600789 -1.5681675204828793 
Car 0.0 0 0 0 0 0 0 1.6506516933441162 5.0267767906188965 2.1515462398529053 -58.222494776787045 -11.36285990659485 -5.802755609154701 1.0494643007584186 
Car 0.0 0 0 0 0 0 0 1.5012825727462769 3.633375883102417 1.845113754272461 152.61615035960583 -63.464498649105735 -5.962113857269287 -0.09911822853035523 
Car 0.0 0 0 0 0 0 0 1.4738311767578125 4.1928300857543945 1.8161858320236206 -69.19595556618881 -13.717865767168405 -5.948573322035372 -2.2336846858329014 
Car 0.0 0 0 0 0 0 0 1.5107464790344238 4.901683330535889 2.128324270248413 -46.51072721156956 23.731085772118092 -5.909772206097841 -1.5772057565903903 
Car 0.0 0 0 0 0 0 0 1.6171095371246338 3.987684965133667 1.8508483171463013 172.862006877423 -62.29917063505445 -5.905338231474161 -1.5778249415438337 
Car 0.0 0 0 0 0 0 0 1.549050211906433 3.705369472503662 1.788678526878357 -50.80822743608397 19.2816018654936 -5.951388149056584 -1.5824471239317752 
Car 0.0 0 0 0 0 0 0 1.441947340965271 4.673638820648193 1.8118125200271606 115.03855181686717 -84.84862195392009 -5.944940013810992 -0.002845529108026495 
Car 0.0 0 0 0 0 0 0 1.4738311767578125 4.1928300857543945 1.8161858320236206 8.574825827256376 16.091444812131044 -5.948779582977295 -0.0028642180490355868 
Car 0.0 0 0 0 0 0 0 1.6171095371246338 3.987684965133667 1.8508483171463013 89.19379590587889 -148.88233755252963 -5.905294932425022 1.8478079570566877 
Car 0.0 0 0 0 0 0 0 2.045147180557251 5.565828800201416 2.1499669551849365 74.68078445542787 -60.9262748624368 -5.9402205848600715 3.138488739339306 
Car 0.0 0 0 0 0 0 0 1.6506516933441162 5.0267767906188965 2.1515462398529053 -34.62372687211149 30.79360909775866 -5.802104815840721 -1.5652809201773425 
Car 0.0 0 0 0 0 0 0 1.5749659538269043 5.365678787231445 1.8007241487503052 -65.9156826179881 -25.53473809846696 -5.923401651903987 -2.5022997686518362 
Car 0.0 0 0 0 0 0 0 1.3760247230529785 2.2072951793670654 1.4809197187423706 108.97490981138009 -127.05662112145208 -5.941001682309434 -1.5772057565903903 
Car 0.0 0 0 0 0 0 0 1.6171095371246338 3.987684965133667 1.8508483171463013 156.58721579001255 -88.77696415965829 -5.905004560947418 1.5660921190453807 
Pedestrian 0.0 0 0 0 0 0 0 1.8600000143051147 0.3753577768802643 0.3753577768802643 74.95453173674773 24.28375392528517 -5.769700229167938 2.596874211598839 
Pedestrian 0.0 0 0 0 0 0 0 1.8600000143051147 0.3753577768802643 0.3753577768802643 96.73974451043247 -156.31403802619843 -5.769700348377228 -1.4675992340284896 
Pedestrian 0.0 0 0 0 0 0 0 1.8600000143051147 0.3753577768802643 0.3753577768802643 31.942560628752716 -110.16248186209032 -5.769700348377228 -3.1207278517134585 
Pedestrian 0.0 0 0 0 0 0 0 1.8600000143051147 0.3753577768802643 0.3753577768802643 -29.926723245240325 25.201171124634968 -5.922116041183472 0.34945783442181194 
Pedestrian 0.0 0 0 0 0 0 0 1.8600000143051147 0.3753577768802643 0.3753577768802643 -13.670700068225898 65.19894798542873 -5.769700348377228 1.233320420302001 
Pedestrian 0.0 0 0 0 0 0 0 1.8600000143051147 0.3753577768802643 0.3753577768802643 -10.281185087937757 4.788823680825999 -5.769700109958649 -3.1143442545805384 
Pedestrian 0.0 0 0 0 0 0 0 1.8600000143051147 0.3753577768802643 0.3753577768802643 -16.101610795575 -19.35435909895 -5.769700229167938 1.3538558901873143 
Pedestrian 0.0 0 0 0 0 0 0 1.8600000143051147 0.3753577768802643 0.3753577768802643 146.96685339385905 -105.98966558904272 -5.769700348377228 2.196233184055335 
Pedestrian 0.0 0 0 0 0 0 0 1.8600000143051147 0.3753577768802643 0.3753577768802643 68.44449042138629 -75.16158819789047 -5.769700348377228 -0.022269178265296053 
Pedestrian 0.0 0 0 0 0 0 0 1.8600000143051147 0.3753577768802643 0.3753577768802643 112.89525437207178 -100.34307268858424 -5.922100126743317 1.7572306525897847 
Pedestrian 0.0 0 0 0 0 0 0 1.8600000143051147 0.3753577768802643 0.3753577768802643 92.2275556454608 67.32937368052785 -5.922329366207123 0.006510895712877071 
Pedestrian 0.0 0 0 0 0 0 0 1.8600000143051147 0.3753577768802643 0.3753577768802643 110.72745870219487 -145.14397865564422 -5.769700348377228 -1.6621978796191792 
Pedestrian 0.0 0 0 0 0 0 0 1.8600000143051147 0.3753577768802643 0.3753577768802643 -28.931335330227768 -50.26620812988904 -5.922879219055176 0.009453156605345264 
Pedestrian 0.0 0 0 0 0 0 0 1.8600000143051147 0.3753577768802643 0.3753577768802643 87.92062990588985 71.6580713629844 -5.92241907119751 -0.0028687878150037292 
Pedestrian 0.0 0 0 0 0 0 0 1.8600000143051147 0.3753577768802643 0.3753577768802643 111.50386816366053 -116.88423739535428 -5.922746121883392 3.1305764877406803 
Pedestrian 0.0 0 0 0 0 0 0 1.8600000143051147 0.3753577768802643 0.3753577768802643 124.80639253361643 38.807336967706206 -5.769700348377228 3.1175704079250606 
Pedestrian 0.0 0 0 0 0 0 0 1.100000023841858 0.5 0.5 12.71310522375439 -20.055616675441392 -5.922047734260559 -3.099141066865603 
Pedestrian 0.0 0 0 0 0 0 0 1.8600000143051147 0.3753577768802643 0.3753577768802643 202.18960656846863 -11.676385854552791 -5.769700348377228 0.2788103625515442 
Pedestrian 0.0 0 0 0 0 0 0 1.8600000143051147 0.3753577768802643 0.3753577768802643 175.56814974419146 -28.1820562107755 -5.769700109958649 0.7266473650117008 
Pedestrian 0.0 0 0 0 0 0 0 1.8600000143051147 0.3753577768802643 0.3753577768802643 -80.08851113091171 -28.877569504264102 -5.770424544811249 1.1387371889234008 
Pedestrian 0.0 0 0 0 0 0 0 1.8600000143051147 0.3753577768802643 0.3753577768802643 -9.450884156959745 -14.839430519052655 -5.769700229167938 -1.5104332506852152 
Pedestrian 0.0 0 0 0 0 0 0 1.8600000143051147 0.3753577768802643 0.3753577768802643 -15.22658316975938 62.28904573238765 -5.769700348377228 1.6438813234318865 
Pedestrian 0.0 0 0 0 0 0 0 1.8600000143051147 0.3753577768802643 0.3753577768802643 133.17321715955674 -62.06583619233152 -5.769700348377228 -0.024636033555779552 
Pedestrian 0.0 0 0 0 0 0 0 1.8600000143051147 0.3753577768802643 0.3753577768802643 119.58385722410773 80.04477072107375 -5.771616518497467 1.1629690253659228 
Pedestrian 0.0 0 0 0 0 0 0 1.8600000143051147 0.3753577768802643 0.3753577768802643 160.3425054118322 -97.30470989636729 -5.769700348377228 1.6330204198743254 
Pedestrian 0.0 0 0 0 0 0 0 1.8600000143051147 0.3753577768802643 0.3753577768802643 -13.454372711875322 56.830512690642536 -5.921574056148529 -0.0023246831983545248 
Pedestrian 0.0 0 0 0 0 0 0 1.8600000143051147 0.3753577768802643 0.3753577768802643 10.262523901295907 51.81334513854745 -5.769700348377228 -1.5600482081095004 
Pedestrian 0.0 0 0 0 0 0 0 1.8600000143051147 0.3753577768802643 0.3753577768802643 42.287130768848556 -47.055408587034705 -5.769700348377228 0.11448778891201487 
Pedestrian 0.0 0 0 0 0 0 0 1.8600000143051147 0.3753577768802643 0.3753577768802643 46.423753350896476 3.177213308241562 -5.769700348377228 1.8216525193588013 
Pedestrian 0.0 0 0 0 0 0 0 1.100000023841858 0.5 0.5 141.24340384486672 -117.95966669129496 -5.769700229167938 1.6192456186100541 
Pedestrian 0.0 0 0 0 0 0 0 1.100000023841858 0.5 0.5 140.29372504795626 -75.60342947590016 -5.769700229167938 -2.6825326575323656 
Pedestrian 0.0 0 0 0 0 0 0 1.8600000143051147 0.3753577768802643 0.3753577768802643 106.33749876958993 -147.73310273947277 -5.769700229167938 -1.6413527851349108 
Pedestrian 0.0 0 0 0 0 0 0 1.8600000143051147 0.3753577768802643 0.3753577768802643 -28.898526966597643 -89.72412343984172 -5.769700348377228 3.1311306915635257 
Pedestrian 0.0 0 0 0 0 0 0 1.100000023841858 0.5 0.5 56.90486519469775 -132.92960870467778 -5.769700229167938 -0.16226114547537507 
Pedestrian 0.0 0 0 0 0 0 0 1.8600000143051147 0.3753577768802643 0.3753577768802643 51.281018207312826 -127.60776966641947 -5.769700348377228 -0.013471222746245631 
Pedestrian 0.0 0 0 0 0 0 0 1.8600000143051147 0.3753577768802643 0.3753577768802643 78.83561206519877 38.35469887774707 -5.769700229167938 1.7191984485365266 
Pedestrian 0.0 0 0 0 0 0 0 1.8600000143051147 0.3753577768802643 0.3753577768802643 85.90784141412755 -44.18480594055143 -5.769700229167938 0.021518874240058262 
Pedestrian 0.0 0 0 0 0 0 0 1.8600000143051147 0.3753577768802643 0.3753577768802643 -2.3006376935067863 -74.94899793738551 -5.769700348377228 -3.1370724702716015 
Pedestrian 0.0 0 0 0 0 0 0 1.8600000143051147 0.3753577768802643 0.3753577768802643 -26.531314047098505 -52.59738022224792 -5.922818124294281 0.07154584765211396 
Pedestrian 0.0 0 0 0 0 0 0 1.8600000143051147 0.3753577768802643 0.3753577768802643 45.13916956546379 -2.0700762016217595 -5.769701182842255 -1.923020020456324 
Pedestrian 0.0 0 0 0 0 0 0 1.8600000143051147 0.3753577768802643 0.3753577768802643 43.426565928117924 -122.91402828090736 -5.769700229167938 -2.962344867996484 
Pedestrian 0.0 0 0 0 0 0 0 1.8600000143051147 0.3753577768802643 0.3753577768802643 74.82567492528779 -81.27966704278592 -5.769700348377228 3.049363922930932 
Pedestrian 0.0 0 0 0 0 0 0 1.100000023841858 0.5 0.5 147.71326069937933 -102.69053699595747 -5.921493053436279 3.1236261699277916 
Pedestrian 0.0 0 0 0 0 0 0 1.8600000143051147 0.3753577768802643 0.3753577768802643 -10.970020292896635 56.41707208879461 -5.921908318996429 0.08732936313571278 
Pedestrian 0.0 0 0 0 0 0 0 1.8600000143051147 0.3753577768802643 0.3753577768802643 9.647593991032693 -30.28649348893785 -5.769700348377228 -1.620757495160892 
Pedestrian 0.0 0 0 0 0 0 0 1.8600000143051147 0.3753577768802643 0.3753577768802643 -6.387544034005742 -110.86331015520545 -5.769700348377228 2.571605606543949 
Pedestrian 0.0 0 0 0 0 0 0 1.8600000143051147 0.3753577768802643 0.3753577768802643 190.25126060599425 11.09984150803598 -5.769700229167938 0.09049426377516295 
Pedestrian 0.0 0 0 0 0 0 0 1.8600000143051147 0.3753577768802643 0.3753577768802643 -32.385705043136596 -46.81943005912626 -5.92268705368042 -0.003611392079769561 
Pedestrian 0.0 0 0 0 0 0 0 1.8600000143051147 0.3753577768802643 0.3753577768802643 96.26842032984493 49.851175038463225 -5.769700348377228 1.5100755881508174 
Pedestrian 0.0 0 0 0 0 0 0 1.8600000143051147 0.3753577768802643 0.3753577768802643 23.826651630909197 -41.892868800811414 -5.769700348377228 -0.10276822396236333 
Pedestrian 0.0 0 0 0 0 0 0 1.8600000143051147 0.3753577768802643 0.3753577768802643 67.56739417961703 -74.51633763918801 -5.769700348377228 0.0883956761914237 
Pedestrian 0.0 0 0 0 0 0 0 1.8600000143051147 0.3753577768802643 0.3753577768802643 0.7489673589654728 36.543978907732935 -5.769700348377228 2.9296636203634674 
Pedestrian 0.0 0 0 0 0 0 0 1.8600000143051147 0.3753577768802643 0.3753577768802643 162.08054653496978 41.48769917940729 -5.769700348377228 -0.06486393070402391 
Pedestrian 0.0 0 0 0 0 0 0 1.8600000143051147 0.3753577768802643 0.3753577768802643 203.586115183768 -16.417537800584796 -5.769700348377228 0.4565917450696286 
Pedestrian 0.0 0 0 0 0 0 0 1.8600000143051147 0.3753577768802643 0.3753577768802643 44.380529720168596 -6.3261418951612995 -5.769700348377228 -3.1026849353281714 
Pedestrian 0.0 0 0 0 0 0 0 1.8600000143051147 0.3753577768802643 0.3753577768802643 32.95568358943771 7.433616475517738 -5.922730088233948 3.097632386108073 
Pedestrian 0.0 0 0 0 0 0 0 1.8600000143051147 0.3753577768802643 0.3753577768802643 95.4023006175473 -54.34353931022656 -5.922244846820831 0.03573962182886338 
Pedestrian 0.0 0 0 0 0 0 0 1.8600000143051147 0.3753577768802643 0.3753577768802643 158.54239234633175 -55.57521735581258 -5.769700229167938 3.09422939886717 
Pedestrian 0.0 0 0 0 0 0 0 1.8600000143051147 0.3753577768802643 0.3753577768802643 12.506498361094117 95.32706750516854 -5.769700229167938 1.6692065206599407 
Pedestrian 0.0 0 0 0 0 0 0 1.8600000143051147 0.3753577768802643 0.3753577768802643 96.38653830699215 -119.66794331422193 -5.769700229167938 -1.768130970931479 
Pedestrian 0.0 0 0 0 0 0 0 1.8600000143051147 0.3753577768802643 0.3753577768802643 16.914447941291627 -138.2276832620737 -5.769700348377228 2.4438441816729237 
Pedestrian 0.0 0 0 0 0 0 0 1.8600000143051147 0.3753577768802643 0.3753577768802643 120.66220780413502 42.77379415337737 -5.769700348377228 3.117447369882699 
Pedestrian 0.0 0 0 0 0 0 0 1.8600000143051147 0.3753577768802643 0.3753577768802643 -27.281029341295408 -50.09292159274355 -5.922042489051819 -3.045032824050136 
Pedestrian 0.0 0 0 0 0 0 0 1.8600000143051147 0.3753577768802643 0.3753577768802643 32.368480805172496 -39.04309830081796 -5.769700229167938 -0.04293740556366938 
Pedestrian 0.0 0 0 0 0 0 0 1.8600000143051147 0.3753577768802643 0.3753577768802643 61.74349034593294 -163.6620103378068 -5.769700348377228 -0.5307827857968421 
Pedestrian 0.0 0 0 0 0 0 0 1.8600000143051147 0.3753577768802643 0.3753577768802643 -17.73937210942418 -22.045519900116346 -5.769700348377228 -1.4841180233219242 
Pedestrian 0.0 0 0 0 0 0 0 1.8600000143051147 0.3753577768802643 0.3753577768802643 54.49023784592745 -12.650367087509153 -5.769700109958649 3.0767023367850315 
Pedestrian 0.0 0 0 0 0 0 0 1.8600000143051147 0.3753577768802643 0.3753577768802643 131.22027858166362 33.846249960196076 -5.769700348377228 0.0026802053210557455 
Pedestrian 0.0 0 0 0 0 0 0 1.8600000143051147 0.3753577768802643 0.3753577768802643 -18.926942112734935 15.711385864771358 -5.769700348377228 -2.421665642430853 
Pedestrian 0.0 0 0 0 0 0 0 1.8600000143051147 0.3753577768802643 0.3753577768802643 88.54780104150561 45.19511637826031 -5.769700348377228 1.881947951176795 
Pedestrian 0.0 0 0 0 0 0 0 1.8600000143051147 0.3753577768802643 0.3753577768802643 -31.623317658210567 10.374275789461564 -5.769700229167938 -1.5419633469370446 
Pedestrian 0.0 0 0 0 0 0 0 1.8600000143051147 0.3753577768802643 0.3753577768802643 44.04902299048862 -3.1835367612458185 -5.769700348377228 2.9782037259717966 
Pedestrian 0.0 0 0 0 0 0 0 1.8600000143051147 0.3753577768802643 0.3753577768802643 137.21971349182738 -92.46149476040819 -5.922177612781525 -2.942563440051593 
Pedestrian 0.0 0 0 0 0 0 0 1.8600000143051147 0.3753577768802643 0.3753577768802643 70.09918748611227 -71.27660039714036 -5.769700348377228 -0.2594107486831869 
Pedestrian 0.0 0 0 0 0 0 0 1.8600000143051147 0.3753577768802643 0.3753577768802643 117.82724150922715 -96.92463746488806 -5.778676450252533 -1.610658122517039 
Pedestrian 0.0 0 0 0 0 0 0 1.8600000143051147 0.3753577768802643 0.3753577768802643 92.62098841757208 -98.90901511201378 -5.769700348377228 3.141575076726599 
Pedestrian 0.0 0 0 0 0 0 0 1.8600000143051147 0.3753577768802643 0.3753577768802643 19.79596805893786 100.87435456949925 -5.769700348377228 1.7165588564220946 
Pedestrian 0.0 0 0 0 0 0 0 1.8600000143051147 0.3753577768802643 0.3753577768802643 -11.796402721630358 68.89400088504954 -5.769700348377228 1.232290975382631 
Pedestrian 0.0 0 0 0 0 0 0 1.8600000143051147 0.3753577768802643 0.3753577768802643 -7.494332002876746 -49.19074373800845 -5.769699990749359 -1.7543417885973212 
Pedestrian 0.0 0 0 0 0 0 0 1.8600000143051147 0.3753577768802643 0.3753577768802643 25.849000613121774 -103.45384167465215 -5.769700348377228 -0.023096755574038178 
Pedestrian 0.0 0 0 0 0 0 0 1.8600000143051147 0.3753577768802643 0.3753577768802643 114.21355781204792 -100.00488481097216 -5.922100186347961 1.4940433583885404 
Pedestrian 0.0 0 0 0 0 0 0 1.8600000143051147 0.3753577768802643 0.3753577768802643 -2.7216667833772874 82.75866183257585 -5.769700348377228 1.6824983576605261 
Pedestrian 0.0 0 0 0 0 0 0 1.8600000143051147 0.3753577768802643 0.3753577768802643 -15.23841654265155 61.61718046955548 -5.785763919353485 0.5428350211785365 
Pedestrian 0.0 0 0 0 0 0 0 1.8600000143051147 0.3753577768802643 0.3753577768802643 116.8784795668507 -45.02099013334009 -5.769700348377228 0.2790404430249702 
Pedestrian 0.0 0 0 0 0 0 0 1.8600000143051147 0.3753577768802643 0.3753577768802643 -14.436636750356257 63.1645539053261 -5.769700348377228 1.332691083214182 
Pedestrian 0.0 0 0 0 0 0 0 1.100000023841858 0.5 0.5 88.22004864440757 106.98200945458257 -5.769700229167938 -0.11330464630823354 
Pedestrian 0.0 0 0 0 0 0 0 1.8600000143051147 0.3753577768802643 0.3753577768802643 -80.69538218090659 -31.249057417919175 -5.772973001003265 1.3180171987659 
Pedestrian 0.0 0 0 0 0 0 0 1.100000023841858 0.5 0.5 5.184330821011798 89.66440192221489 -5.769700229167938 1.6515006273106034 
Pedestrian 0.0 0 0 0 0 0 0 1.8600000143051147 0.3753577768802643 0.3753577768802643 7.0561055081932125 32.87124026579363 -5.769700348377228 -0.009284567065072939 
Pedestrian 0.0 0 0 0 0 0 0 1.8600000143051147 0.3753577768802643 0.3753577768802643 114.46835348904446 47.331685401651725 -5.770923912525177 2.8046100976888346 
Pedestrian 0.0 0 0 0 0 0 0 1.8600000143051147 0.3753577768802643 0.3753577768802643 -33.35726927372528 12.087901253530617 -5.769700348377228 -1.6515746631889074 
Pedestrian 0.0 0 0 0 0 0 0 1.8600000143051147 0.3753577768802643 0.3753577768802643 -53.89404856104963 32.55454262217228 -5.77491956949234 -1.5821632309595728 
Pedestrian 0.0 0 0 0 0 0 0 1.8600000143051147 0.3753577768802643 0.3753577768802643 -9.187145105705582 31.605430795303505 -5.922098755836487 1.3420916423879983 
Pedestrian 0.0 0 0 0 0 0 0 1.8600000143051147 0.3753577768802643 0.3753577768802643 177.5751197620916 -79.23696430447717 -5.769700348377228 1.6344924821668667 
Pedestrian 0.0 0 0 0 0 0 0 1.8600000143051147 0.3753577768802643 0.3753577768802643 1.358843526622735 -50.36577882875952 -5.769700348377228 -1.4168192767853491 
Pedestrian 0.0 0 0 0 0 0 0 1.8600000143051147 0.3753577768802643 0.3753577768802643 130.95908330761253 -125.37354846062829 -5.769700109958649 -1.607616126761896 
Pedestrian 0.0 0 0 0 0 0 0 1.8600000143051147 0.3753577768802643 0.3753577768802643 109.60015296227718 -35.405020124139355 -5.922400534152985 -2.827133249975962 
Pedestrian 0.0 0 0 0 0 0 0 1.8600000143051147 0.3753577768802643 0.3753577768802643 199.40219710035214 -49.43188053875838 -5.769700348377228 -2.0527342081966498 
Pedestrian 0.0 0 0 0 0 0 0 1.8600000143051147 0.3753577768802643 0.3753577768802643 126.52105467299404 -57.64520078300848 -5.769700348377228 3.123705798444385 
Pedestrian 0.0 0 0 0 0 0 0 1.8600000143051147 0.3753577768802643 0.3753577768802643 143.938320162601 -107.9761191913417 -5.769700348377228 -1.472940070436589 
