Car 0.0 0 0 0 0 0 0 1.5248334407806396 4.513522624969482 2.006814479827881 76.50745977665039 59.56045943600316 -5.907013799995184 -1.5679953471184058 
Car 0.0 0 0 0 0 0 0 1.6506516933441162 5.0267767906188965 2.1515462398529053 -13.889106041965903 27.180976653282528 -5.8014195412397385 -3.1320958211425705 
Car 0.0 0 0 0 0 0 0 1.7671663761138916 4.552699089050293 2.097072124481201 1.67126180748798 -107.66934649264567 -5.939397125504911 -3.141315684836425 
Car 0.0 0 0 0 0 0 0 1.4876600503921509 4.791779518127441 2.163450002670288 -10.797551731227287 -37.29578442839215 -5.941757946042344 1.5639880886261635 
Car 0.0 0 0 0 0 0 0 1.7671663761138916 4.552699089050293 2.097072124481201 84.66930537915434 67.81094431219458 -5.940326271113008 -1.5865973941745548 
Car 0.0 0 0 0 0 0 0 1.5248334407806396 4.513522624969482 2.006814479827881 34.1128465464935 99.38033822009766 -5.9075541496276855 -1.2553100082647308 
Car 0.0 0 0 0 0 0 0 2.045147180557251 5.565828800201416 2.1499669551849365 158.487720525919 -81.92527554877415 -5.932706814259291 1.5568707906129267 
Car 0.0 0 0 0 0 0 0 1.5749659538269043 5.365678787231445 1.8007241487503052 55.05606229820384 95.43191175920492 -5.92369682341814 2.1704648368218917 
Car 0.0 0 0 0 0 0 0 1.549050211906433 3.705369472503662 1.788678526878357 101.18635828363117 -76.00841939734812 -5.951267681084573 -0.002635176832613065 
Car 0.0 0 0 0 0 0 0 1.5421181917190552 4.974244117736816 2.0384011268615723 77.84430682568032 5.8538610586343225 -5.979354973882437 3.128844101451584 
Car 0.0 0 0 0 0 0 0 1.6506516933441162 5.0267767906188965 2.1515462398529053 -2.028052855637867 -18.54091716919004 -5.802257552742958 -1.5691350469069052 
Car 0.0 0 0 0 0 0 0 1.3760247230529785 2.2072951793670654 1.4809197187423706 -26.537886679493994 25.903032868359162 -5.942416172008961 2.1949767046530355 
Car 0.0 0 0 0 0 0 0 1.8548461198806763 4.6045098304748535 1.9315929412841797 44.09450169165618 17.456017374823205 -5.9423354911850765 1.5735445758818039 
Car 0.0 0 0 0 0 0 0 1.5248334407806396 4.513522624969482 2.006814479827881 185.38049692655656 4.066404399141902 -5.90760225430131 0.017933194148375575 
Car 0.0 0 0 0 0 0 0 1.5421181917190552 4.974244117736816 2.0384011268615723 -0.9083082465050722 -22.361193580807253 -5.9738186448812485 -1.5686426284213495 
Car 0.0 0 0 0 0 0 0 1.6493593454360962 4.855708599090576 2.0327565670013428 149.0967219909373 -91.38207219957872 -5.9530382342636585 1.5651727958370854 
Car 0.0 0 0 0 0 0 0 1.5248334407806396 4.513522624969482 2.006814479827881 113.22242790183051 -24.4963201618325 -5.907499220222235 -0.0020099893637439553 
Car 0.0 0 0 0 0 0 0 1.4106587171554565 5.357479572296143 2.033202886581421 -35.591221603637024 -71.10940750868917 -5.950854587368667 3.1310460030408613 
Car 0.0 0 0 0 0 0 0 1.3760247230529785 2.2072951793670654 1.4809197187423706 23.22114447148303 -114.37453005587258 -5.940109119517729 -0.007945475573521456 
Car 0.0 0 0 0 0 0 0 1.8779358863830566 3.866220712661743 1.9051965475082397 -9.891957399516201 -26.39979101858023 -5.933154812082648 -1.5750752277183269 
Car 0.0 0 0 0 0 0 0 1.5421181917190552 4.974244117736816 2.0384011268615723 152.44693135574286 -92.96423867551312 -5.973810080438852 1.5645054076679115 
Car 0.0 0 0 0 0 0 0 1.5248334407806396 4.513522624969482 2.006814479827881 50.24078458659821 101.51774852953349 -5.907429676502943 -1.0442283928972684 
Car 0.0 0 0 0 0 0 0 1.5347249507904053 5.0078253746032715 1.8816219568252563 -6.23520646810195 -22.722166382958164 -5.943313541414682 -1.5699293347020213 
Car 0.0 0 0 0 0 0 0 1.5107464790344238 4.901683330535889 2.128324270248413 -44.120113904276906 -57.858270065417855 -5.9070631973445415 3.1309149755152297 
Car 0.0 0 0 0 0 0 0 1.549050211906433 3.705369472503662 1.788678526878357 177.31517232159737 -52.158333500130084 -5.95191122032702 -1.6246501045682065 
Car 0.0 0 0 0 0 0 0 1.5749659538269043 5.365678787231445 1.8007241487503052 27.2763759661768 -6.62390517766903 -5.9234822653234005 -0.7121798755478999 
Car 0.0 0 0 0 0 0 0 1.4738311767578125 4.1928300857543945 1.8161858320236206 -19.50744382960309 -46.096155611165386 -5.948816356714815 1.5604221159265474 
Car 0.0 0 0 0 0 0 0 1.5248334407806396 4.513522624969482 2.006814479827881 29.38453952427787 -125.50194420883372 -5.9068982899188995 0.0004181162911424404 
Car 0.0 0 0 0 0 0 0 1.5347249507904053 5.0078253746032715 1.8816219568252563 -15.185656893518427 -41.7178513200422 -5.943292865762487 1.5591536522993428 
Car 0.0 0 0 0 0 0 0 1.3760247230529785 2.2072951793670654 1.4809197187423706 124.41597181534618 -100.37843903230237 -5.940181293524802 0.22857465556667514 
Car 0.0 0 0 0 0 0 0 1.385296106338501 4.181210041046143 1.9941171407699585 124.75705385625437 59.16354946263084 -5.955142116174102 -0.008670467604984538 
Car 0.0 0 0 0 0 0 0 2.045147180557251 5.565828800201416 2.1499669551849365 189.63848765178633 -7.290488534492852 -5.942352428450249 0.25674189508627765 
Car 0.0 0 0 0 0 0 0 1.4876600503921509 4.791779518127441 2.163450002670288 10.511694836547662 19.10262364441644 -5.941929874476045 -0.0015851886422951463 
Car 0.0 0 0 0 0 0 0 1.441947340965271 4.673638820648193 1.8118125200271606 -18.43777550314431 32.65020710844499 -5.94532526016701 -2.926893133881458 
Car 0.0 0 0 0 0 0 0 1.4876600503921509 4.791779518127441 2.163450002670288 143.09278085597705 36.23659863301913 -5.941919651115313 3.126608377716462 
Car 0.0 0 0 0 0 0 0 1.4106587171554565 5.357479572296143 2.033202886581421 24.138340850129765 -10.663983850288218 -5.951258563902229 3.1376351962099354 
Car 0.0 0 0 0 0 0 0 1.300939917564392 4.717525005340576 1.894826889038086 67.2562409982551 -37.32974162882482 -5.949002399109304 -0.0026854304743234 
Car 0.0 0 0 0 0 0 0 1.300939917564392 4.717525005340576 1.894826889038086 67.0655074187205 -42.07520563356212 -5.9490024372935295 -0.002791653151114732 
Car 0.0 0 0 0 0 0 0 1.441947340965271 4.673638820648193 1.8118125200271606 77.61060190229907 55.723591324898734 -5.944747829460539 -1.5680107934527283 
Car 0.0 0 0 0 0 0 0 1.8548461198806763 4.6045098304748535 1.9315929412841797 53.12495360550767 36.286596601038354 -5.933332462795079 -1.6007739332892645 
Car 0.0 0 0 0 0 0 0 1.4106587171554565 5.357479572296143 2.033202886581421 4.369519196987852 20.27357937734189 -5.950999393127859 -0.002731754653054242 
Car 0.0 0 0 0 0 0 0 1.300939917564392 4.717525005340576 1.894826889038086 68.71205694795853 -59.928939836578934 -5.948973064310849 3.138532681497292 
Car 0.0 0 0 0 0 0 0 1.6506516933441162 5.0267767906188965 2.1515462398529053 124.34564675989444 54.653241229121875 -5.802181109786034 3.135527304207138 
Car 0.0 0 0 0 0 0 0 1.490277647972107 4.89238166809082 1.8367133140563965 35.00308534025996 -126.17441543706309 -5.948476581368595 0.00048735847948450057 
Car 0.0 0 0 0 0 0 0 1.385296106338501 4.181210041046143 1.9941171407699585 102.36173501806931 -13.663187555986042 -5.95496332179755 0.0019174755947455636 
Car 0.0 0 0 0 0 0 0 1.6493593454360962 4.855708599090576 2.0327565670013428 147.31409368237777 37.03397926693299 -5.9549716375768185 -0.011049406468765621 
Car 0.0 0 0 0 0 0 0 1.5749659538269043 5.365678787231445 1.8007241487503052 129.7004722562559 -95.57342640486479 -5.92544948682189 -0.5661656106186621 
Car 0.0 0 0 0 0 0 0 1.6171095371246338 3.987684965133667 1.8508483171463013 -26.174133642742248 29.220631831509024 -5.90501295030117 2.4400409213201817 
Car 0.0 0 0 0 0 0 0 1.5107464790344238 4.901683330535889 2.128324270248413 92.90620040526079 -4.229397157643433 -5.909811154007912 -0.0011890404392911197 
Car 0.0 0 0 0 0 0 0 1.385296106338501 4.181210041046143 1.9941171407699585 106.62032190056149 -41.21135919587232 -5.954929294064641 -1.5463232079576135 
Car 0.0 0 0 0 0 0 0 1.4876600503921509 4.791779518127441 2.163450002670288 -61.909217715853885 -11.829968984560082 -5.941923885373399 1.0338063782873523 
Car 0.0 0 0 0 0 0 0 1.5749659538269043 5.365678787231445 1.8007241487503052 7.854133461876842 -99.01900974748281 -5.926732959225774 -0.0017818863654496036 
Car 0.0 0 0 0 0 0 0 1.6493593454360962 4.855708599090576 2.0327565670013428 159.74166094701215 24.77984808175256 -5.951555423438549 -0.00671508474693184 
Car 0.0 0 0 0 0 0 0 1.7671663761138916 4.552699089050293 2.097072124481201 123.67737919759671 50.39454963361328 -5.93931930558756 3.1348857487005377 
Car 0.0 0 0 0 0 0 0 1.5749659538269043 5.365678787231445 1.8007241487503052 55.523472699027224 -143.59403460030558 -5.92373701184988 -0.3493454490238106 
Car 0.0 0 0 0 0 0 0 1.4738311767578125 4.1928300857543945 1.8161858320236206 111.69754142944888 -124.30434956831886 -5.948899250011891 -1.57875611581898 
Car 0.0 0 0 0 0 0 0 1.7671663761138916 4.552699089050293 2.097072124481201 59.43171291340761 -152.23511689385782 -5.93936321279034 2.5847885202559504 
Car 0.0 0 0 0 0 0 0 1.4106587171554565 5.357479572296143 2.033202886581421 119.49074649789097 59.5113983107226 -5.951084194239229 3.1262768141607475 
Car 0.0 0 0 0 0 0 0 1.4106587171554565 5.357479572296143 2.033202886581421 38.601483493608356 -134.72492724152403 -5.950360927265137 -0.0006179568174612327 
Car 0.0 0 0 0 0 0 0 1.5012825727462769 3.633375883102417 1.845113754272461 64.59380295333446 -156.7907492450331 -5.9623300768435 2.4633941809190865 
Car 0.0 0 0 0 0 0 0 1.8548461198806763 4.6045098304748535 1.9315929412841797 -6.095184387821774 -27.532901300644653 -5.942413310986012 -1.5726412316400489 
Car 0.0 0 0 0 0 0 0 1.4738311767578125 4.1928300857543945 1.8161858320236206 73.23326287742086 46.43186550316318 -5.9488181113265455 1.5720510751424874 
Car 0.0 0 0 0 0 0 0 1.385296106338501 4.181210041046143 1.9941171407699585 129.20093665556098 -45.37219740138494 -5.954556407406926 3.139492218438048 
Car 0.0 0 0 0 0 0 0 1.5347249507904053 5.0078253746032715 1.8816219568252563 14.088961697840176 -110.19468641239246 -5.943385066988412 8.362325822848808e-05 
Car 0.0 0 0 0 0 0 0 1.490277647972107 4.89238166809082 1.8367133140563965 159.94460430412934 29.499418413965486 -5.949124355334789 -0.006136733543139898 
Car 0.0 0 0 0 0 0 0 1.4876600503921509 4.791779518127441 2.163450002670288 50.10523902184747 -36.757710306153484 -5.941738300374709 -3.1064791409332075 
Car 0.0 0 0 0 0 0 0 1.3760247230529785 2.2072951793670654 1.4809197187423706 111.97182385572782 -105.38247500247564 -5.940825595986098 -1.4298161686952084 
Car 0.0 0 0 0 0 0 0 1.4876600503921509 4.791779518127441 2.163450002670288 128.39111228098037 50.66019290618789 -5.941762828850187 3.1343829438867306 
Car 0.0 0 0 0 0 0 0 1.5248334407806396 4.513522624969482 2.006814479827881 104.00810487535793 -73.76729232203047 -5.907129041850567 0.01057594532092267 
Car 0.0 0 0 0 0 0 0 1.5012825727462769 3.633375883102417 1.845113754272461 84.66490836880186 -154.69907265830238 -5.962317943572998 2.0141972019587673 
Car 0.0 0 0 0 0 0 0 1.5107464790344238 4.901683330535889 2.128324270248413 147.44485533056005 41.78846403568588 -5.9108757600188255 -0.014162485738473129 
Car 0.0 0 0 0 0 0 0 2.045147180557251 5.565828800201416 2.1499669551849365 42.26154238661738 -28.690253680806677 -5.936679401434958 3.138625093187118 
Car 0.0 0 0 0 0 0 0 1.300939917564392 4.717525005340576 1.894826889038086 60.19841368910002 -46.52996406133269 -5.94931886671111 3.139605935416594 
Car 0.0 0 0 0 0 0 0 1.8548461198806763 4.6045098304748535 1.9315929412841797 -44.156435542189826 21.083893909925223 -5.9424022865714505 -1.5830483325478606 
Car 0.0 0 0 0 0 0 0 1.300939917564392 4.717525005340576 1.894826889038086 86.77802123859325 64.87925309382626 -5.949176463764161 -1.5771421070403373 
Car 0.0 0 0 0 0 0 0 1.5107464790344238 4.901683330535889 2.128324270248413 5.450767036308861 -106.50144523927679 -5.910100117325783 -3.139605935416594 
Car 0.0 0 0 0 0 0 0 1.5012825727462769 3.633375883102417 1.845113754272461 195.89807108421562 -13.421889512712823 -5.962289599701762 0.46597822277918094 
Car 0.0 0 0 0 0 0 0 1.549050211906433 3.705369472503662 1.788678526878357 129.20970234700238 59.68688930816842 -5.953553332947195 -0.006003109955593822 
Car 0.0 0 0 0 0 0 0 1.7671663761138916 4.552699089050293 2.097072124481201 40.75615620868709 94.74192026868468 -5.93943305965513 1.9729048892570886 
Car 0.0 0 0 0 0 0 0 1.6171095371246338 3.987684965133667 1.8508483171463013 18.99107172832592 -10.484366991065883 -5.905361499637365 3.138489271971524 
Car 0.0 0 0 0 0 0 0 1.4738311767578125 4.1928300857543945 1.8161858320236206 165.42311699655053 -64.85753005705647 -5.948592014145106 -1.5776281339392768 
Car 0.0 0 0 0 0 0 0 2.045147180557251 5.565828800201416 2.1499669551849365 -20.7021478594568 46.150101023936486 -5.936341190710664 -2.17762740857366 
Car 0.0 0 0 0 0 0 0 1.441947340965271 4.673638820648193 1.8118125200271606 76.0542140584582 -153.23578410787127 -5.94442686077673 2.185385995777388 
Car 0.0 0 0 0 0 0 0 1.549050211906433 3.705369472503662 1.788678526878357 6.684783343703856 22.907385513555482 -5.951396617572755 -0.0018144207532723672 
Car 0.0 0 0 0 0 0 0 1.5749659538269043 5.365678787231445 1.8007241487503052 30.84695097059236 93.77609896726017 -5.923474693670869 -1.3293232496996679 
Car 0.0 0 0 0 0 0 0 1.638383150100708 5.237514495849609 1.9297595024108887 81.00200426608782 64.0307828004427 -5.94330301284208 -1.5681675204828793 
Car 0.0 0 0 0 0 0 0 1.6506516933441162 5.0267767906188965 2.1515462398529053 -58.14961921871193 -11.062269924572774 -5.802553549408913 1.0557867783443213 
Car 0.0 0 0 0 0 0 0 1.5012825727462769 3.633375883102417 1.845113754272461 152.47134321281553 -63.35370034265088 -5.961457576602697 -0.0940486517240372 
Car 0.0 0 0 0 0 0 0 1.4738311767578125 4.1928300857543945 1.8161858320236206 -69.26838062315849 -14.229599992597741 -5.948889331892133 -2.2438833943854144 
Car 0.0 0 0 0 0 0 0 1.5107464790344238 4.901683330535889 2.128324270248413 -46.51072721156956 23.731085772118092 -5.909772206097841 -1.5772057565903903 
Car 0.0 0 0 0 0 0 0 1.6171095371246338 3.987684965133667 1.8508483171463013 172.51554770957134 -62.65074418768381 -5.9054205901920795 -1.577668081355628 
Car 0.0 0 0 0 0 0 0 1.549050211906433 3.705369472503662 1.788678526878357 -50.80822743608397 19.2816018654936 -5.951388149056584 -1.5824471239317752 
Car 0.0 0 0 0 0 0 0 1.441947340965271 4.673638820648193 1.8118125200271606 115.03855181686717 -84.84862195392009 -5.944940013810992 -0.002845529108026495 
Car 0.0 0 0 0 0 0 0 1.4738311767578125 4.1928300857543945 1.8161858320236206 8.574825827256376 16.091444812131044 -5.948779582977295 -0.0028642180490355868 
Car 0.0 0 0 0 0 0 0 1.6171095371246338 3.987684965133667 1.8508483171463013 89.45080398859793 -148.74380992423607 -5.90523874387145 1.8442744749223705 
Car 0.0 0 0 0 0 0 0 2.045147180557251 5.565828800201416 2.1499669551849365 74.82641566310619 -61.07100239274769 -5.936693516094238 3.1385934015701458 
Car 0.0 0 0 0 0 0 0 1.6506516933441162 5.0267767906188965 2.1515462398529053 -35.0438813103066 30.3809209175364 -5.802343279123306 -1.5677796310701093 
Car 0.0 0 0 0 0 0 0 1.5749659538269043 5.365678787231445 1.8007241487503052 -65.89229344497883 -25.72875925386188 -5.923711631447077 -2.5075603107530697 
Car 0.0 0 0 0 0 0 0 1.3760247230529785 2.2072951793670654 1.4809197187423706 108.97490981138009 -127.05662112145208 -5.941001682309434 -1.5772057565903903 
Car 0.0 0 0 0 0 0 0 1.6171095371246338 3.987684965133667 1.8508483171463013 156.58721579001255 -88.77696415965829 -5.905004560947418 1.5660921190453807 
Pedestrian 0.0 0 0 0 0 0 0 1.8600000143051147 0.3753577768802643 0.3753577768802643 75.12395397925431 24.24468079137364 -5.769700229167938 2.6140710417058077 
Pedestrian 0.0 0 0 0 0 0 0 1.8600000143051147 0.3753577768802643 0.3753577768802643 96.6089315027966 -156.42264609173344 -5.769700348377228 -1.4644267433799327 
Pedestrian 0.0 0 0 0 0 0 0 1.8600000143051147 0.3753577768802643 0.3753577768802643 32.043815583626355 -110.27544888408738 -5.769700348377228 3.130553584555306 
Pedestrian 0.0 0 0 0 0 0 0 1.8600000143051147 0.3753577768802643 0.3753577768802643 -29.996884960067533 25.354796372999616 -5.922116041183472 0.3459706912904622 
Pedestrian 0.0 0 0 0 0 0 0 1.8600000143051147 0.3753577768802643 0.3753577768802643 -13.604921337455409 65.33633727941833 -5.769700348377228 1.2341514597201602 
Pedestrian 0.0 0 0 0 0 0 0 1.8600000143051147 0.3753577768802643 0.3753577768802643 -10.164290784782267 4.665379798041997 -5.769700109958649 -3.1143442545805384 
Pedestrian 0.0 0 0 0 0 0 0 1.8600000143051147 0.3753577768802643 0.3753577768802643 -16.04722722458692 -19.211991758395357 -5.769700229167938 1.570104970175912 
Pedestrian 0.0 0 0 0 0 0 0 1.8600000143051147 0.3753577768802643 0.3753577768802643 147.09644449485265 -105.96866092695609 -5.769700348377228 2.188049156867467 
Pedestrian 0.0 0 0 0 0 0 0 1.8600000143051147 0.3753577768802643 0.3753577768802643 68.33210246238032 -75.05702981107909 -5.769700348377228 -0.015102930102866872 
Pedestrian 0.0 0 0 0 0 0 0 1.8600000143051147 0.3753577768802643 0.3753577768802643 113.04358024046027 -100.24964422879668 -5.922100126743317 1.7285701124125155 
Pedestrian 0.0 0 0 0 0 0 0 1.8600000143051147 0.3753577768802643 0.3753577768802643 92.13005007619287 67.43032109651699 -5.922329366207123 -8.1587916559449e-05 
Pedestrian 0.0 0 0 0 0 0 0 1.8600000143051147 0.3753577768802643 0.3753577768802643 110.63728469677207 -145.25288342813644 -5.769700348377228 -1.6607983884663424 
Pedestrian 0.0 0 0 0 0 0 0 1.8600000143051147 0.3753577768802643 0.3753577768802643 -29.037863698186158 -50.156270287025336 -5.922879219055176 0.004223773488865672 
Pedestrian 0.0 0 0 0 0 0 0 1.8600000143051147 0.3753577768802643 0.3753577768802643 87.84132908087801 71.73879638729841 -5.92241907119751 -0.010867515687205112 
Pedestrian 0.0 0 0 0 0 0 0 1.8600000143051147 0.3753577768802643 0.3753577768802643 111.60164077355024 -116.97447344281376 -5.922746121883392 -3.1360756490755852 
Pedestrian 0.0 0 0 0 0 0 0 1.8600000143051147 0.3753577768802643 0.3753577768802643 124.92659131684583 38.69207985778134 -5.769700348377228 3.1160244429122694 
Pedestrian 0.0 0 0 0 0 0 0 1.100000023841858 0.5 0.5 12.787516593002664 -20.13662939496271 -5.922047734260559 -3.099141066865603 
Pedestrian 0.0 0 0 0 0 0 0 1.8600000143051147 0.3753577768802643 0.3753577768802643 202.11938247969326 -11.542848468204738 -5.769700348377228 0.25847606236435317 
Pedestrian 0.0 0 0 0 0 0 0 1.8600000143051147 0.3753577768802643 0.3753577768802643 175.558169342024 -28.01234670362419 -5.769700109958649 0.7266473650117008 
Pedestrian 0.0 0 0 0 0 0 0 1.8600000143051147 0.3753577768802643 0.3753577768802643 -80.0004357001217 -28.77585599588292 -5.770048916339874 1.1392192210807053 
Pedestrian 0.0 0 0 0 0 0 0 1.8600000143051147 0.3753577768802643 0.3753577768802643 -9.577196555125823 -14.950858713708215 -5.769700229167938 -1.5118204912970374 
Pedestrian 0.0 0 0 0 0 0 0 1.8600000143051147 0.3753577768802643 0.3753577768802643 -15.07814535723017 62.36994073118581 -5.769700348377228 1.5749778891804844 
Pedestrian 0.0 0 0 0 0 0 0 1.8600000143051147 0.3753577768802643 0.3753577768802643 133.05868561100212 -61.95611684007599 -5.769700348377228 -0.027031605212954675 
Pedestrian 0.0 0 0 0 0 0 0 1.8600000143051147 0.3753577768802643 0.3753577768802643 119.64427891830516 80.20370143665286 -5.771616518497467 1.1721272368805418 
Pedestrian 0.0 0 0 0 0 0 0 1.8600000143051147 0.3753577768802643 0.3753577768802643 160.46858178778777 -97.19409496732646 -5.769700348377228 1.6312330393087189 
Pedestrian 0.0 0 0 0 0 0 0 1.8600000143051147 0.3753577768802643 0.3753577768802643 -13.552717171878413 56.93072911156219 -5.921574056148529 -0.017744565361197704 
Pedestrian 0.0 0 0 0 0 0 0 1.8600000143051147 0.3753577768802643 0.3753577768802643 10.141033103778653 51.69443301323645 -5.769700348377228 -1.5600482081095004 
Pedestrian 0.0 0 0 0 0 0 0 1.8600000143051147 0.3753577768802643 0.3753577768802643 42.181441709303215 -46.92225533303635 -5.769700348377228 0.11448778891201487 
Pedestrian 0.0 0 0 0 0 0 0 1.8600000143051147 0.3753577768802643 0.3753577768802643 46.56236993876607 3.243874134773705 -5.769700348377228 1.7460949108077273 
Pedestrian 0.0 0 0 0 0 0 0 1.100000023841858 0.5 0.5 141.32786881320018 -117.88827868344401 -5.769700229167938 1.6037496163332645 
Pedestrian 0.0 0 0 0 0 0 0 1.100000023841858 0.5 0.5 140.19384580182847 -75.70183058120983 -5.769700229167938 2.727147796326136 
Pedestrian 0.0 0 0 0 0 0 0 1.8600000143051147 0.3753577768802643 0.3753577768802643 106.2526548211724 -147.83041948814775 -5.769700229167938 -1.6424842291240311 
Pedestrian 0.0 0 0 0 0 0 0 1.8600000143051147 0.3753577768802643 0.3753577768802643 -28.777069846459227 -89.84306654427473 -5.769700348377228 3.1311306915635257 
Pedestrian 0.0 0 0 0 0 0 0 1.100000023841858 0.5 0.5 56.82661635912311 -132.87330052922266 -5.769700229167938 -0.16249951503769397 
Pedestrian 0.0 0 0 0 0 0 0 1.8600000143051147 0.3753577768802643 0.3753577768802643 51.16016125870735 -127.49132030657529 -5.769700348377228 -0.012606441285134561 
Pedestrian 0.0 0 0 0 0 0 0 1.8600000143051147 0.3753577768802643 0.3753577768802643 78.97218671693733 38.454869482500726 -5.769700229167938 1.7166131849083321 
Pedestrian 0.0 0 0 0 0 0 0 1.8600000143051147 0.3753577768802643 0.3753577768802643 85.79024831634987 -44.062039273435516 -5.769700229167938 0.021518874240058262 
Pedestrian 0.0 0 0 0 0 0 0 1.8600000143051147 0.3753577768802643 0.3753577768802643 -2.180972994206712 -75.0697469502548 -5.769700348377228 -3.1370724702716015 
Pedestrian 0.0 0 0 0 0 0 0 1.8600000143051147 0.3753577768802643 0.3753577768802643 -26.62899494917363 -52.485041693442554 -5.922818124294281 0.06238722001857464 
Pedestrian 0.0 0 0 0 0 0 0 1.8600000143051147 0.3753577768802643 0.3753577768802643 45.02198921063288 -2.1905851859751237 -5.769701182842255 -1.9410839758142224 
Pedestrian 0.0 0 0 0 0 0 0 1.8600000143051147 0.3753577768802643 0.3753577768802643 43.521900098514806 -123.05487830970105 -5.769700229167938 -2.966582489923018 
Pedestrian 0.0 0 0 0 0 0 0 1.8600000143051147 0.3753577768802643 0.3753577768802643 74.9534282765241 -81.38556232501877 -5.769700348377228 3.0502891050936256 
Pedestrian 0.0 0 0 0 0 0 0 1.100000023841858 0.5 0.5 147.7762854209163 -102.75712765614071 -5.921493053436279 3.1087042120239685 
Pedestrian 0.0 0 0 0 0 0 0 1.8600000143051147 0.3753577768802643 0.3753577768802643 -11.067771327900374 56.532814734190424 -5.921908318996429 0.08922819699293928 
Pedestrian 0.0 0 0 0 0 0 0 1.8600000143051147 0.3753577768802643 0.3753577768802643 9.53354295629319 -30.412558776001447 -5.769700348377228 -1.620757495160892 
Pedestrian 0.0 0 0 0 0 0 0 1.8600000143051147 0.3753577768802643 0.3753577768802643 -6.248757493750901 -110.89330520044268 -5.769700348377228 2.5740999232209174 
Pedestrian 0.0 0 0 0 0 0 0 1.8600000143051147 0.3753577768802643 0.3753577768802643 190.15156204893307 11.218637607932124 -5.769700229167938 0.0909358158838981 
Pedestrian 0.0 0 0 0 0 0 0 1.8600000143051147 0.3753577768802643 0.3753577768802643 -32.48592689232308 -46.7192406125057 -5.92268705368042 -0.005256389234408677 
Pedestrian 0.0 0 0 0 0 0 0 1.8600000143051147 0.3753577768802643 0.3753577768802643 96.35766372855343 49.98567542287378 -5.769700348377228 1.6238458299190024 
Pedestrian 0.0 0 0 0 0 0 0 1.8600000143051147 0.3753577768802643 0.3753577768802643 23.69676076019107 -41.78727411025736 -5.769700348377228 -0.10268707245052157 
Pedestrian 0.0 0 0 0 0 0 0 1.8600000143051147 0.3753577768802643 0.3753577768802643 67.47079055038506 -74.40052115232143 -5.769700348377228 0.08726490631495447 
Pedestrian 0.0 0 0 0 0 0 0 1.8600000143051147 0.3753577768802643 0.3753577768802643 0.8697784455655153 36.46451357540377 -5.769700348377228 2.9232150420999496 
Pedestrian 0.0 0 0 0 0 0 0 1.8600000143051147 0.3753577768802643 0.3753577768802643 161.95280043193415 41.59986506965549 -5.769700348377228 -0.06486585317343581 
Pedestrian 0.0 0 0 0 0 0 0 1.8600000143051147 0.3753577768802643 0.3753577768802643 203.53956885696513 -16.28435107201858 -5.769700348377228 0.4618818149694483 
Pedestrian 0.0 0 0 0 0 0 0 1.8600000143051147 0.3753577768802643 0.3753577768802643 44.46970167731328 -6.425882226834688 -5.769700348377228 -3.1120073307239937 
Pedestrian 0.0 0 0 0 0 0 0 1.8600000143051147 0.3753577768802643 0.3753577768802643 33.081053285053684 7.318804437177278 -5.922730088233948 3.097632386108073 
Pedestrian 0.0 0 0 0 0 0 0 1.8600000143051147 0.3753577768802643 0.3753577768802643 95.28646622315406 -54.2191110454869 -5.922244846820831 0.03573962182886338 
Pedestrian 0.0 0 0 0 0 0 0 1.8600000143051147 0.3753577768802643 0.3753577768802643 158.66379147139193 -55.68813582124494 -5.769700229167938 3.0913867407196194 
Pedestrian 0.0 0 0 0 0 0 0 1.8600000143051147 0.3753577768802643 0.3753577768802643 12.637564924323641 95.43474227094885 -5.769700229167938 1.6694392809392136 
Pedestrian 0.0 0 0 0 0 0 0 1.8600000143051147 0.3753577768802643 0.3753577768802643 96.29228449219508 -119.80942321747114 -5.769700229167938 -1.7680309692325464 
Pedestrian 0.0 0 0 0 0 0 0 1.8600000143051147 0.3753577768802643 0.3753577768802643 17.08379330387126 -138.24257556930957 -5.769700348377228 2.4438250069130754 
Pedestrian 0.0 0 0 0 0 0 0 1.8600000143051147 0.3753577768802643 0.3753577768802643 120.7809762925207 42.65507965299349 -5.769700348377228 3.1063651576385523 
Pedestrian 0.0 0 0 0 0 0 0 1.8600000143051147 0.3753577768802643 0.3753577768802643 -27.17391023958274 -50.22383170696776 -5.922042489051819 -3.046369997233465 
Pedestrian 0.0 0 0 0 0 0 0 1.8600000143051147 0.3753577768802643 0.3753577768802643 32.24305497049042 -38.931460594475084 -5.769700229167938 -0.03757615020014963 
Pedestrian 0.0 0 0 0 0 0 0 1.8600000143051147 0.3753577768802643 0.3753577768802643 61.593056438858156 -163.6252556144973 -5.769700348377228 -0.5188596471489892 
Pedestrian 0.0 0 0 0 0 0 0 1.8600000143051147 0.3753577768802643 0.3753577768802643 -17.8461958081987 -22.138996906075818 -5.769700348377228 -1.4733909436091395 
Pedestrian 0.0 0 0 0 0 0 0 1.8600000143051147 0.3753577768802643 0.3753577768802643 54.61775197275742 -12.762797322825804 -5.769700109958649 3.075417627875177 
Pedestrian 0.0 0 0 0 0 0 0 1.8600000143051147 0.3753577768802643 0.3753577768802643 131.10844139627375 33.95905817108664 -5.769700348377228 0.0012516854522629168 
Pedestrian 0.0 0 0 0 0 0 0 1.8600000143051147 0.3753577768802643 0.3753577768802643 -18.915995367653295 15.541747164487248 -5.769700348377228 -2.421935154333169 
Pedestrian 0.0 0 0 0 0 0 0 1.8600000143051147 0.3753577768802643 0.3753577768802643 88.6927241465182 45.26169088911138 -5.769700348377228 1.8690958020721815 
Pedestrian 0.0 0 0 0 0 0 0 1.8600000143051147 0.3753577768802643 0.3753577768802643 -31.737888619442657 10.265876437855013 -5.769700229167938 -1.541198487071974 
Pedestrian 0.0 0 0 0 0 0 0 1.8600000143051147 0.3753577768802643 0.3753577768802643 44.184683257199 -3.279000360142959 -5.769700348377228 2.981940140981178 
Pedestrian 0.0 0 0 0 0 0 0 1.8600000143051147 0.3753577768802643 0.3753577768802643 137.29023698616558 -92.5615547369191 -5.922177612781525 -2.921916218436318 
Pedestrian 0.0 0 0 0 0 0 0 1.8600000143051147 0.3753577768802643 0.3753577768802643 69.9539332501771 -71.19318540353194 -5.769700348377228 -0.2590439481772989 
Pedestrian 0.0 0 0 0 0 0 0 1.8600000143051147 0.3753577768802643 0.3753577768802643 117.72309767830299 -97.03401428443067 -5.778676450252533 -1.6229850962546888 
Pedestrian 0.0 0 0 0 0 0 0 1.8600000143051147 0.3753577768802643 0.3753577768802643 92.74827006489265 -99.03629233314676 -5.769700348377228 3.141575076726599 
Pedestrian 0.0 0 0 0 0 0 0 1.8600000143051147 0.3753577768802643 0.3753577768802643 19.924596176144377 100.97014999293788 -5.769700348377228 1.7167796324764621 
Pedestrian 0.0 0 0 0 0 0 0 1.8600000143051147 0.3753577768802643 0.3753577768802643 -11.735179894911909 69.02186027022367 -5.769700348377228 1.2324847203519342 
Pedestrian 0.0 0 0 0 0 0 0 1.8600000143051147 0.3753577768802643 0.3753577768802643 -7.586097469289399 -49.32327232471721 -5.769699990749359 -1.756607739210815 
Pedestrian 0.0 0 0 0 0 0 0 1.8600000143051147 0.3753577768802643 0.3753577768802643 25.72799530777806 -103.33837686519735 -5.769700348377228 -0.022558588974382007 
Pedestrian 0.0 0 0 0 0 0 0 1.8600000143051147 0.3753577768802643 0.3753577768802643 114.29883469173066 -99.90071532194838 -5.922100186347961 1.5115122304008606 
Pedestrian 0.0 0 0 0 0 0 0 1.8600000143051147 0.3753577768802643 0.3753577768802643 -2.5888010552360186 82.8647154623061 -5.769700348377228 1.6824983576605261 
Pedestrian 0.0 0 0 0 0 0 0 1.8600000143051147 0.3753577768802643 0.3753577768802643 -15.380922816218373 61.77241301791105 -5.769700348377228 0.9894769300995201 
Pedestrian 0.0 0 0 0 0 0 0 1.8600000143051147 0.3753577768802643 0.3753577768802643 116.79634106738669 -44.87214501388348 -5.769700348377228 0.27844872192026826 
Pedestrian 0.0 0 0 0 0 0 0 1.8600000143051147 0.3753577768802643 0.3753577768802643 -14.356251608000804 63.30185418763563 -5.769700348377228 1.3414397005531469 
Pedestrian 0.0 0 0 0 0 0 0 1.100000023841858 0.5 0.5 88.13397465443174 107.05049638185574 -5.769700229167938 -0.11330464630823354 
Pedestrian 0.0 0 0 0 0 0 0 1.8600000143051147 0.3753577768802643 0.3753577768802643 -80.62027584339197 -31.132821119500477 -5.772973001003265 1.3029992339047798 
Pedestrian 0.0 0 0 0 0 0 0 1.100000023841858 0.5 0.5 5.265792236752503 89.73360638566919 -5.769700229167938 1.6513068823413 
Pedestrian 0.0 0 0 0 0 0 0 1.8600000143051147 0.3753577768802643 0.3753577768802643 6.955187730299684 32.97117076206405 -5.769700348377228 -0.012297777793902476 
Pedestrian 0.0 0 0 0 0 0 0 1.8600000143051147 0.3753577768802643 0.3753577768802643 114.60549597095721 47.26671454161806 -5.770923912525177 2.806899617277976 
Pedestrian 0.0 0 0 0 0 0 0 1.8600000143051147 0.3753577768802643 0.3753577768802643 -33.467283314608125 11.960720930142486 -5.769700348377228 -1.6567334725365 
Pedestrian 0.0 0 0 0 0 0 0 1.8600000143051147 0.3753577768802643 0.3753577768802643 -54.012966040194414 32.43305717935647 -5.77491956949234 -1.5829848161558622 
Pedestrian 0.0 0 0 0 0 0 0 1.8600000143051147 0.3753577768802643 0.3753577768802643 -9.121470220026623 31.714695666333 -5.922098755836487 1.3488949537087147 
Pedestrian 0.0 0 0 0 0 0 0 1.8600000143051147 0.3753577768802643 0.3753577768802643 177.70273365476802 -79.12465001427427 -5.769700348377228 1.6344924821668667 
Pedestrian 0.0 0 0 0 0 0 0 1.8600000143051147 0.3753577768802643 0.3753577768802643 1.2298714909956914 -50.46072861790208 -5.769700348377228 -1.4148875528886602 
Pedestrian 0.0 0 0 0 0 0 0 1.8600000143051147 0.3753577768802643 0.3753577768802643 130.84337505856163 -125.4980934268778 -5.769700109958649 -1.607616126761896 
Pedestrian 0.0 0 0 0 0 0 0 1.8600000143051147 0.3753577768802643 0.3753577768802643 109.66362546092361 -35.52498690098696 -5.922400534152985 -2.8139077256865193 
Pedestrian 0.0 0 0 0 0 0 0 1.8600000143051147 0.3753577768802643 0.3753577768802643 199.35142669768308 -49.594129052568405 -5.769700348377228 -2.0526994539444243 
Pedestrian 0.0 0 0 0 0 0 0 1.8600000143051147 0.3753577768802643 0.3753577768802643 126.63392192603052 -57.75021857037996 -5.769700348377228 3.1400245843399546 
Pedestrian 0.0 0 0 0 0 0 0 1.8600000143051147 0.3753577768802643 0.3753577768802643 143.83078030239946 -108.0566095735062 -5.769700348377228 -1.4849051205820971 
