Car 0.0 0 0 0 0 0 0 1.5248334407806396 4.513522624969482 2.006814479827881 76.76448132656512 59.8164075078912 -5.905959989875555 -1.5676411466934252 
Car 0.0 0 0 0 0 0 0 1.6506516933441162 5.0267767906188965 2.1515462398529053 -13.99884431525075 27.299211692648328 -5.800363451242447 -3.1300537092186977 
Car 0.0 0 0 0 0 0 0 1.7671663761138916 4.552699089050293 2.097072124481201 0.9115239500572727 -106.9108389047779 -5.939653015229851 3.1405532218163352 
Car 0.0 0 0 0 0 0 0 1.4876600503921509 4.791779518127441 2.163450002670288 -10.797551731227287 -37.29578442839215 -5.941757946042344 1.5639880886261635 
Car 0.0 0 0 0 0 0 0 1.7671663761138916 4.552699089050293 2.097072124481201 84.66930537915434 67.81094431219458 -5.940326271113008 -1.5865973941745548 
Car 0.0 0 0 0 0 0 0 1.5248334407806396 4.513522624969482 2.006814479827881 35.060496424443016 99.84442035544362 -5.907487813383341 -1.2437154038268528 
Car 0.0 0 0 0 0 0 0 2.045147180557251 5.565828800201416 2.1499669551849365 158.43181425909594 -81.9815271014827 -5.940382366301492 1.5570794492843345 
Car 0.0 0 0 0 0 0 0 1.5749659538269043 5.365678787231445 1.8007241487503052 54.72679090421249 95.36412608545697 -5.923360500484705 2.1657503759021792 
Car 0.0 0 0 0 0 0 0 1.549050211906433 3.705369472503662 1.788678526878357 101.7434763159068 -76.56217628411412 -5.953357676975429 -0.002839829319115345 
Car 0.0 0 0 0 0 0 0 1.5421181917190552 4.974244117736816 2.0384011268615723 77.46132071593527 6.234106483077483 -5.969643382355571 3.1315253720370757 
Car 0.0 0 0 0 0 0 0 1.6506516933441162 5.0267767906188965 2.1515462398529053 -2.028052855637867 -18.54091716919004 -5.8022487461566925 -1.5691350469069052 
Car 0.0 0 0 0 0 0 0 1.3760247230529785 2.2072951793670654 1.4809197187423706 -26.538271733276048 25.90410440975245 -5.94229059224017 2.1949008045619682 
Car 0.0 0 0 0 0 0 0 1.8548461198806763 4.6045098304748535 1.9315929412841797 44.09450169165618 17.456017374823205 -5.9423354911850765 1.5735445758818039 
Car 0.0 0 0 0 0 0 0 1.5248334407806396 4.513522624969482 2.006814479827881 186.17425505921798 3.2245896948434165 -5.907934855669737 0.027329357025798542 
Car 0.0 0 0 0 0 0 0 1.5421181917190552 4.974244117736816 2.0384011268615723 -0.9083082465050722 -22.361193580807253 -5.973811663687229 -1.5686426284213495 
Car 0.0 0 0 0 0 0 0 1.6493593454360962 4.855708599090576 2.0327565670013428 149.0967219909373 -91.38207219957872 -5.95302270911634 1.5651727958370854 
Car 0.0 0 0 0 0 0 0 1.5248334407806396 4.513522624969482 2.006814479827881 114.00183046996878 -25.272938752642403 -5.907601453363895 -0.0018793988930155606 
Car 0.0 0 0 0 0 0 0 1.4106587171554565 5.357479572296143 2.033202886581421 -35.75516140461016 -70.94916859277919 -5.95123823126778 3.131551204699649 
Car 0.0 0 0 0 0 0 0 1.3760247230529785 2.2072951793670654 1.4809197187423706 24.014166206255794 -115.16791836935977 -5.940390758682042 -0.0032112435435324234 
Car 0.0 0 0 0 0 0 0 1.8779358863830566 3.866220712661743 1.9051965475082397 -9.891957399516201 -26.39979101858023 -5.9331390196457505 -1.5750752277183269 
Car 0.0 0 0 0 0 0 0 1.5421181917190552 4.974244117736816 2.0384011268615723 152.44693135574286 -92.96423867551312 -5.973810080438852 1.5645054076679115 
Car 0.0 0 0 0 0 0 0 1.5248334407806396 4.513522624969482 2.006814479827881 51.32769577469932 101.78691669019554 -5.907588560134172 -1.029855645389247 
Car 0.0 0 0 0 0 0 0 1.5347249507904053 5.0078253746032715 1.8816219568252563 -6.23520646810195 -22.722166382958164 -5.943308429734316 -1.5699293347020213 
Car 0.0 0 0 0 0 0 0 1.5107464790344238 4.901683330535889 2.128324270248413 -44.54695836734189 -57.440445844529904 -5.909126836806536 3.1309165734118833 
Car 0.0 0 0 0 0 0 0 1.549050211906433 3.705369472503662 1.788678526878357 177.8493164104702 -51.511319279398776 -5.953562030568719 -1.6470350387947585 
Car 0.0 0 0 0 0 0 0 1.5749659538269043 5.365678787231445 1.8007241487503052 27.724923640790138 -6.71643934930853 -5.923537502065301 -0.6676496915929029 
Car 0.0 0 0 0 0 0 0 1.4738311767578125 4.1928300857543945 1.8161858320236206 -19.50744382960309 -46.096155611165386 -5.94880716316402 1.5604221159265474 
Car 0.0 0 0 0 0 0 0 1.5248334407806396 4.513522624969482 2.006814479827881 29.587572725461058 -125.70518234379233 -5.90500982478261 0.0004154530975430705 
Car 0.0 0 0 0 0 0 0 1.5347249507904053 5.0078253746032715 1.8816219568252563 -15.185656893518427 -41.7178513200422 -5.943292865762487 1.5591536522993428 
Car 0.0 0 0 0 0 0 0 1.3760247230529785 2.2072951793670654 1.4809197187423706 124.97607593981567 -101.3611820454073 -5.940358181018382 0.2590481759455294 
Car 0.0 0 0 0 0 0 0 1.385296106338501 4.181210041046143 1.9941171407699585 125.71249405754529 58.220819721941666 -5.955633640289307 -0.007422749586552592 
Car 0.0 0 0 0 0 0 0 2.045147180557251 5.565828800201416 2.1499669551849365 189.87247084307134 -7.745723004342381 -5.9421813011867926 0.27274955718749866 
Car 0.0 0 0 0 0 0 0 1.4876600503921509 4.791779518127441 2.163450002670288 10.511694836547662 19.10262364441644 -5.941925029736012 -0.0015851886422951463 
Car 0.0 0 0 0 0 0 0 1.441947340965271 4.673638820648193 1.8118125200271606 -18.529028514272937 32.816544854071594 -5.9449737357208505 -2.916672187933843 
Car 0.0 0 0 0 0 0 0 1.4876600503921509 4.791779518127441 2.163450002670288 142.25041223904665 37.05410774776442 -5.941741428454407 3.1266192966769317 
Car 0.0 0 0 0 0 0 0 1.4106587171554565 5.357479572296143 2.033202886581421 23.937906593005636 -10.46571027638629 -5.951254367828369 3.138854657673083 
Car 0.0 0 0 0 0 0 0 1.300939917564392 4.717525005340576 1.894826889038086 67.86469862025925 -37.93494868131887 -5.949157466646284 -0.002685101480302018 
Car 0.0 0 0 0 0 0 0 1.300939917564392 4.717525005340576 1.894826889038086 67.67409046974299 -42.68040863993764 -5.9491575811989605 -0.002791435208830212 
Car 0.0 0 0 0 0 0 0 1.441947340965271 4.673638820648193 1.8118125200271606 78.25109091923397 56.36040670074294 -5.94569814670831 -1.567867515386082 
Car 0.0 0 0 0 0 0 0 1.8548461198806763 4.6045098304748535 1.9315929412841797 53.21820264739537 36.38096779223201 -5.942722110776231 -1.5985423374538326 
Car 0.0 0 0 0 0 0 0 1.4106587171554565 5.357479572296143 2.033202886581421 4.369519196987852 20.27357937734189 -5.950999393127859 -0.002731754653054242 
Car 0.0 0 0 0 0 0 0 1.300939917564392 4.717525005340576 1.894826889038086 68.5238419067841 -59.74157184177625 -5.949252757709473 3.1372623536573245 
Car 0.0 0 0 0 0 0 0 1.6506516933441162 5.0267767906188965 2.1515462398529053 124.34564675989444 54.653241229121875 -5.802181109786034 3.135527304207138 
Car 0.0 0 0 0 0 0 0 1.490277647972107 4.89238166809082 1.8367133140563965 35.588544941481786 -126.76046287360396 -5.949725475162268 0.0004905541752647238 
Car 0.0 0 0 0 0 0 0 1.385296106338501 4.181210041046143 1.9941171407699585 102.67222853779694 -13.973324914513 -5.955311183817685 3.888214378783422e-05 
Car 0.0 0 0 0 0 0 0 1.6493593454360962 4.855708599090576 2.0327565670013428 147.96586073635657 36.395936792739235 -5.954512042924762 -0.010835731483773396 
Car 0.0 0 0 0 0 0 0 1.5749659538269043 5.365678787231445 1.8007241487503052 130.26339904878384 -95.6117388061275 -5.9241834450513124 -0.627599943276828 
Car 0.0 0 0 0 0 0 0 1.6171095371246338 3.987684965133667 1.8508483171463013 -26.174133642742248 29.220631831509024 -5.905003644526005 2.4400409213201817 
Car 0.0 0 0 0 0 0 0 1.5107464790344238 4.901683330535889 2.128324270248413 93.05496093278643 -4.378233162149286 -5.9103725999593735 -0.001784860835506951 
Car 0.0 0 0 0 0 0 0 1.385296106338501 4.181210041046143 1.9941171407699585 106.62032190056149 -41.21135919587232 -5.954922923818231 -1.5463232079576135 
Car 0.0 0 0 0 0 0 0 1.4876600503921509 4.791779518127441 2.163450002670288 -62.147095679513114 -12.98049569867203 -5.941740627284162 0.9993470045735172 
Car 0.0 0 0 0 0 0 0 1.5749659538269043 5.365678787231445 1.8007241487503052 8.154186025414077 -99.317988645524 -5.923765126615763 -0.0017846505654150243 
Car 0.0 0 0 0 0 0 0 1.6493593454360962 4.855708599090576 2.0327565670013428 160.05388215003538 24.471424920110167 -5.955144977197051 -0.006392808965518626 
Car 0.0 0 0 0 0 0 0 1.7671663761138916 4.552699089050293 2.097072124481201 122.93832836667028 51.12393274162167 -5.93988142022863 3.134965377217131 
Car 0.0 0 0 0 0 0 0 1.5749659538269043 5.365678787231445 1.8007241487503052 55.93162684910587 -143.77190636746013 -5.923436088487506 -0.3578150003700487 
Car 0.0 0 0 0 0 0 0 1.4738311767578125 4.1928300857543945 1.8161858320236206 111.92031765907505 -124.07844428107073 -5.948894405271858 -1.5784529149288744 
Car 0.0 0 0 0 0 0 0 1.7671663761138916 4.552699089050293 2.097072124481201 58.398331502791706 -151.9647703276114 -5.939734535291791 2.6007528394104305 
Car 0.0 0 0 0 0 0 0 1.4106587171554565 5.357479572296143 2.033202886581421 119.49074649789097 59.5113983107226 -5.951079807244241 3.1262768141607475 
Car 0.0 0 0 0 0 0 0 1.4106587171554565 5.357479572296143 2.033202886581421 39.001116599259575 -135.1203199030815 -5.951093387324363 -0.0024405782993744836 
Car 0.0 0 0 0 0 0 0 1.5012825727462769 3.633375883102417 1.845113754272461 63.92104483838054 -156.70003585501718 -5.962990777567029 2.475172809788289 
Car 0.0 0 0 0 0 0 0 1.8548461198806763 4.6045098304748535 1.9315929412841797 -6.095184387821774 -27.532901300644653 -5.942398433689959 -1.5726412316400489 
Car 0.0 0 0 0 0 0 0 1.4738311767578125 4.1928300857543945 1.8161858320236206 73.23326287742086 46.43186550316318 -5.948807620909065 1.5720510751424874 
Car 0.0 0 0 0 0 0 0 1.385296106338501 4.181210041046143 1.9941171407699585 129.01884605795496 -45.189707650300306 -5.954825152643025 3.1386386753086772 
Car 0.0 0 0 0 0 0 0 1.5347249507904053 5.0078253746032715 1.8816219568252563 14.431117283817997 -110.53739754695164 -5.943255291000241 0.0007845673221559249 
Car 0.0 0 0 0 0 0 0 1.490277647972107 4.89238166809082 1.8367133140563965 160.7093181864794 28.743983837902647 -5.948817424476147 -0.006127939910056132 
Car 0.0 0 0 0 0 0 0 1.4876600503921509 4.791779518127441 2.163450002670288 49.662364755215734 -36.28855813944328 -5.9410571861080825 -3.104751282017964 
Car 0.0 0 0 0 0 0 0 1.3760247230529785 2.2072951793670654 1.4809197187423706 112.49134738869569 -104.83633336383485 -5.942272052750923 -1.493912996653181 
Car 0.0 0 0 0 0 0 0 1.4876600503921509 4.791779518127441 2.163450002670288 128.39100910547958 50.66029608165388 -5.941886272514239 3.1343829438867306 
Car 0.0 0 0 0 0 0 0 1.5248334407806396 4.513522624969482 2.006814479827881 104.78648513273444 -74.56276302944161 -5.90720484033227 0.010746386590390442 
Car 0.0 0 0 0 0 0 0 1.5012825727462769 3.633375883102417 1.845113754272461 84.01526430936516 -154.9039914161267 -5.962988223880529 2.030227966982445 
Car 0.0 0 0 0 0 0 0 1.5107464790344238 4.901683330535889 2.128324270248413 148.18389132435655 41.06761954186237 -5.91039426997304 -0.013142400373918407 
Car 0.0 0 0 0 0 0 0 2.045147180557251 5.565828800201416 2.1499669551849365 41.92704404165252 -28.357665206271292 -5.94197000504937 3.1382024495221224 
Car 0.0 0 0 0 0 0 0 1.300939917564392 4.717525005340576 1.894826889038086 59.8796249941781 -46.21271029324862 -5.949316005688161 3.1394773047359434 
Car 0.0 0 0 0 0 0 0 1.8548461198806763 4.6045098304748535 1.9315929412841797 -44.156435542189826 21.083893909925223 -5.942400188418105 -1.5830483325478606 
Car 0.0 0 0 0 0 0 0 1.300939917564392 4.717525005340576 1.894826889038086 86.77802123859325 64.87925309382626 -5.949164561927319 -1.5771421070403373 
Car 0.0 0 0 0 0 0 0 1.5107464790344238 4.901683330535889 2.128324270248413 4.667307579780044 -105.71646471454937 -5.9100293926894665 -3.1403162004793184 
Car 0.0 0 0 0 0 0 0 1.5012825727462769 3.633375883102417 1.845113754272461 196.08103571964963 -14.083609827854161 -5.962971705943346 0.48855623618476374 
Car 0.0 0 0 0 0 0 0 1.549050211906433 3.705369472503662 1.788678526878357 129.89387595006113 59.01087286675437 -5.953807392157614 -0.006004268846786927 
Car 0.0 0 0 0 0 0 0 1.7671663761138916 4.552699089050293 2.097072124481201 39.78073391301811 94.30897689415315 -5.9397405434865505 1.9535311912750892 
Car 0.0 0 0 0 0 0 0 1.6171095371246338 3.987684965133667 1.8508483171463013 18.420648102575313 -9.917470405276163 -5.905409831553698 3.138488473023197 
Car 0.0 0 0 0 0 0 0 1.4738311767578125 4.1928300857543945 1.8161858320236206 166.21361100029887 -64.05615987516148 -5.94867551792413 -1.5776281339392768 
Car 0.0 0 0 0 0 0 0 2.045147180557251 5.565828800201416 2.1499669551849365 -20.59321753879422 46.51733428211139 -5.941885967273265 -2.151721775386023 
Car 0.0 0 0 0 0 0 0 1.441947340965271 4.673638820648193 1.8118125200271606 74.99918070063106 -153.3724075075313 -5.944641399313696 2.2145003386044064 
Car 0.0 0 0 0 0 0 0 1.549050211906433 3.705369472503662 1.788678526878357 6.684783343703856 22.907385513555482 -5.951389293652028 -0.0018144207532723672 
Car 0.0 0 0 0 0 0 0 1.5749659538269043 5.365678787231445 1.8007241487503052 31.50474923448789 94.16179466034782 -5.923426227644086 -1.3221771895466583 
Car 0.0 0 0 0 0 0 0 1.638383150100708 5.237514495849609 1.9297595024108887 81.00200966088343 64.03078819524012 -5.943304500600789 -1.5681675204828793 
Car 0.0 0 0 0 0 0 0 1.6506516933441162 5.0267767906188965 2.1515462398529053 -58.308587576508245 -11.72170290363647 -5.802922382950783 1.0428936165589207 
Car 0.0 0 0 0 0 0 0 1.5012825727462769 3.633375883102417 1.845113754272461 152.76656270064038 -63.579229761276565 -5.962628612294793 -0.10392000784430898 
Car 0.0 0 0 0 0 0 0 1.4738311767578125 4.1928300857543945 1.8161858320236206 -69.12056876798218 -13.193966275093771 -5.948572902474552 -2.2258857517386588 
Car 0.0 0 0 0 0 0 0 1.5107464790344238 4.901683330535889 2.128324270248413 -46.51072721156956 23.731085772118092 -5.909772206097841 -1.5772057565903903 
Car 0.0 0 0 0 0 0 0 1.6171095371246338 3.987684965133667 1.8508483171463013 173.2297646983079 -61.92614736788255 -5.9051315896213055 -1.5778636905376944 
Car 0.0 0 0 0 0 0 0 1.549050211906433 3.705369472503662 1.788678526878357 -50.80822743608397 19.2816018654936 -5.951388149056584 -1.5824471239317752 
Car 0.0 0 0 0 0 0 0 1.441947340965271 4.673638820648193 1.8118125200271606 115.03855181686717 -84.84862195392009 -5.944940013810992 -0.002845529108026495 
Car 0.0 0 0 0 0 0 0 1.4738311767578125 4.1928300857543945 1.8161858320236206 8.574825827256376 16.091444812131044 -5.948779582977295 -0.0028642180490355868 
Car 0.0 0 0 0 0 0 0 1.6171095371246338 3.987684965133667 1.8508483171463013 88.91583713273528 -149.03183550307267 -5.9053243063390255 1.8510564809543664 
Car 0.0 0 0 0 0 0 0 2.045147180557251 5.565828800201416 2.1499669551849365 74.51648859740075 -60.76316591483976 -5.9420592308742926 3.138859451363045 
Car 0.0 0 0 0 0 0 0 1.6506516933441162 5.0267767906188965 2.1515462398529053 -34.22168141396841 31.18757328491637 -5.801926985383034 -1.563398731076929 
Car 0.0 0 0 0 0 0 0 1.5749659538269043 5.365678787231445 1.8007241487503052 -65.9421306455038 -25.311763070680627 -5.923381835222244 -2.49651644802862 
Car 0.0 0 0 0 0 0 0 1.3760247230529785 2.2072951793670654 1.4809197187423706 108.97490981138009 -127.05662112145208 -5.941001682309434 -1.5772057565903903 
Car 0.0 0 0 0 0 0 0 1.6171095371246338 3.987684965133667 1.8508483171463013 156.58721579001255 -88.77696415965829 -5.905003376305103 1.5660921190453807 
Pedestrian 0.0 0 0 0 0 0 0 1.8600000143051147 0.3753577768802643 0.3753577768802643 74.78869029069833 24.321231548730452 -5.769700229167938 2.5899952665031645 
Pedestrian 0.0 0 0 0 0 0 0 1.8600000143051147 0.3753577768802643 0.3753577768802643 96.87105653685305 -156.20606384917005 -5.769700348377228 -1.4688684966040213 
Pedestrian 0.0 0 0 0 0 0 0 1.8600000143051147 0.3753577768802643 0.3753577768802643 31.837399839866492 -110.04160067426119 -5.769700348377228 -3.1061731437239573 
Pedestrian 0.0 0 0 0 0 0 0 1.8600000143051147 0.3753577768802643 0.3753577768802643 -29.855622667450064 25.048840796180087 -5.922116041183472 0.34820401818060265 
Pedestrian 0.0 0 0 0 0 0 0 1.8600000143051147 0.3753577768802643 0.3753577768802643 -13.736519259979815 65.06161533679574 -5.769700348377228 1.2330354620653625 
Pedestrian 0.0 0 0 0 0 0 0 1.8600000143051147 0.3753577768802643 0.3753577768802643 -10.398073827708458 4.912262337401813 -5.769700109958649 -3.1143442545805384 
Pedestrian 0.0 0 0 0 0 0 0 1.8600000143051147 0.3753577768802643 0.3753577768802643 -16.223275575825397 -19.47003569507922 -5.769700229167938 1.5078666291846512 
Pedestrian 0.0 0 0 0 0 0 0 1.8600000143051147 0.3753577768802643 0.3753577768802643 146.83204012951134 -106.00873891485662 -5.769700348377228 2.206286350854275 
Pedestrian 0.0 0 0 0 0 0 0 1.8600000143051147 0.3753577768802643 0.3753577768802643 68.55704410187352 -75.26659587007134 -5.769700348377228 -0.02618019053186174 
Pedestrian 0.0 0 0 0 0 0 0 1.8600000143051147 0.3753577768802643 0.3753577768802643 112.74963938777941 -100.42965784853288 -5.922100126743317 1.7809397105103242 
Pedestrian 0.0 0 0 0 0 0 0 1.8600000143051147 0.3753577768802643 0.3753577768802643 92.32411173067996 67.22760625530805 -5.922329366207123 0.01377759654311863 
Pedestrian 0.0 0 0 0 0 0 0 1.8600000143051147 0.3753577768802643 0.3753577768802643 110.81746951499596 -145.03491338798312 -5.769700348377228 -1.6636242686990255 
Pedestrian 0.0 0 0 0 0 0 0 1.8600000143051147 0.3753577768802643 0.3753577768802643 -28.825540654300113 -50.377899281744476 -5.922879219055176 0.016692693712616665 
Pedestrian 0.0 0 0 0 0 0 0 1.8600000143051147 0.3753577768802643 0.3753577768802643 88.0082063500922 71.56943756837154 -5.92241907119751 -0.000825183714690117 
Pedestrian 0.0 0 0 0 0 0 0 1.8600000143051147 0.3753577768802643 0.3753577768802643 111.40424412739871 -116.79612251476247 -5.922746121883392 3.1127253189538795 
Pedestrian 0.0 0 0 0 0 0 0 1.8600000143051147 0.3753577768802643 0.3753577768802643 124.68674671708688 38.92225690294198 -5.769700348377228 3.1189525885308114 
Pedestrian 0.0 0 0 0 0 0 0 1.100000023841858 0.5 0.5 12.638694191680841 -19.974603618745235 -5.922047734260559 -3.099141066865603 
Pedestrian 0.0 0 0 0 0 0 0 1.8600000143051147 0.3753577768802643 0.3753577768802643 202.25741378890277 -11.81287958979965 -5.769700348377228 0.29370002962714997 
Pedestrian 0.0 0 0 0 0 0 0 1.8600000143051147 0.3753577768802643 0.3753577768802643 175.57813554115452 -28.351760323129383 -5.769700109958649 0.7266473650117008 
Pedestrian 0.0 0 0 0 0 0 0 1.8600000143051147 0.3753577768802643 0.3753577768802643 -80.1749627282675 -28.97740022838707 -5.770847856998444 1.1365633836836238 
Pedestrian 0.0 0 0 0 0 0 0 1.8600000143051147 0.3753577768802643 0.3753577768802643 -9.32431955203262 -14.72814393776315 -5.769700229167938 -1.5089770342011597 
Pedestrian 0.0 0 0 0 0 0 0 1.8600000143051147 0.3753577768802643 0.3753577768802643 -15.335552644847013 62.17183297009046 -5.769700348377228 1.5656265984868347 
Pedestrian 0.0 0 0 0 0 0 0 1.8600000143051147 0.3753577768802643 0.3753577768802643 133.28365135964688 -62.17253176182999 -5.769700348377228 -0.02168823880181969 
Pedestrian 0.0 0 0 0 0 0 0 1.8600000143051147 0.3753577768802643 0.3753577768802643 119.51827810267193 79.89632748905433 -5.771616518497467 1.183710256567678 
Pedestrian 0.0 0 0 0 0 0 0 1.8600000143051147 0.3753577768802643 0.3753577768802643 160.216016333929 -97.41524120613167 -5.769700348377228 1.6349272432148223 
Pedestrian 0.0 0 0 0 0 0 0 1.8600000143051147 0.3753577768802643 0.3753577768802643 -13.352033404235073 56.7254544405223 -5.921574056148529 0.002435727132986471 
Pedestrian 0.0 0 0 0 0 0 0 1.8600000143051147 0.3753577768802643 0.3753577768802643 10.384020093610587 51.93225186906284 -5.769700348377228 -1.5600482081095004 
Pedestrian 0.0 0 0 0 0 0 0 1.8600000143051147 0.3753577768802643 0.3753577768802643 42.39281982839388 -47.18856184103305 -5.769700348377228 0.11448778891201487 
Pedestrian 0.0 0 0 0 0 0 0 1.8600000143051147 0.3753577768802643 0.3753577768802643 46.285139461707075 3.102948516019069 -5.769700348377228 1.8319104832455686 
Pedestrian 0.0 0 0 0 0 0 0 1.100000023841858 0.5 0.5 141.1591668066513 -118.0308483481407 -5.769700229167938 1.6293228870168595 
Pedestrian 0.0 0 0 0 0 0 0 1.100000023841858 0.5 0.5 140.33362767278524 -75.67692547952333 -5.769700229167938 -2.7691077635130976 
Pedestrian 0.0 0 0 0 0 0 0 1.8600000143051147 0.3753577768802643 0.3753577768802643 106.42246814704171 -147.6358763536183 -5.769700229167938 -1.640209223762831 
Pedestrian 0.0 0 0 0 0 0 0 1.8600000143051147 0.3753577768802643 0.3753577768802643 -29.019985435435416 -89.6051789867098 -5.769700348377228 3.1311306915635257 
Pedestrian 0.0 0 0 0 0 0 0 1.100000023841858 0.5 0.5 56.976084609758544 -132.98204881221523 -5.769700229167938 -0.1585877475152879 
Pedestrian 0.0 0 0 0 0 0 0 1.8600000143051147 0.3753577768802643 0.3753577768802643 51.40049139065124 -127.72445370014543 -5.769700348377228 -0.012058684184662206 
Pedestrian 0.0 0 0 0 0 0 0 1.8600000143051147 0.3753577768802643 0.3753577768802643 78.69861661927368 38.25487353989956 -5.769700229167938 1.7219729297601711 
Pedestrian 0.0 0 0 0 0 0 0 1.8600000143051147 0.3753577768802643 0.3753577768802643 86.02543586060457 -44.30757395636624 -5.769700229167938 0.021518874240058262 
Pedestrian 0.0 0 0 0 0 0 0 1.8600000143051147 0.3753577768802643 0.3753577768802643 -2.4203023928068603 -74.82824892451623 -5.769700348377228 -3.1370724702716015 
Pedestrian 0.0 0 0 0 0 0 0 1.8600000143051147 0.3753577768802643 0.3753577768802643 -26.44586045362624 -52.696094194510806 -5.922818124294281 0.07227394757176321 
Pedestrian 0.0 0 0 0 0 0 0 1.8600000143051147 0.3753577768802643 0.3753577768802643 45.223844917450464 -1.9191392216929444 -5.769701182842255 -1.907857046473849 
Pedestrian 0.0 0 0 0 0 0 0 1.8600000143051147 0.3753577768802643 0.3753577768802643 43.33057629004108 -122.77375279805324 -5.769700229167938 -2.9610244727280226 
Pedestrian 0.0 0 0 0 0 0 0 1.8600000143051147 0.3753577768802643 0.3753577768802643 74.6988683610253 -81.17486960148467 -5.769700348377228 3.0482885384827583 
Pedestrian 0.0 0 0 0 0 0 0 1.100000023841858 0.5 0.5 147.65015505593007 -102.62415673285204 -5.921493053436279 3.134321691181659 
Pedestrian 0.0 0 0 0 0 0 0 1.8600000143051147 0.3753577768802643 0.3753577768802643 -10.872104716606856 56.301375299196934 -5.921908318996429 0.08579962676081446 
Pedestrian 0.0 0 0 0 0 0 0 1.8600000143051147 0.3753577768802643 0.3753577768802643 9.76164772317091 -30.160430899272058 -5.769700348377228 -1.620757495160892 
Pedestrian 0.0 0 0 0 0 0 0 1.8600000143051147 0.3753577768802643 0.3753577768802643 -6.526752043251548 -110.83027177045409 -5.769700348377228 2.5794819054678584 
Pedestrian 0.0 0 0 0 0 0 0 1.8600000143051147 0.3753577768802643 0.3753577768802643 190.3452164018715 10.982774439455397 -5.769700229167938 0.10077994950440221 
Pedestrian 0.0 0 0 0 0 0 0 1.8600000143051147 0.3753577768802643 0.3753577768802643 -32.28577451297659 -46.91953318905166 -5.92268705368042 -0.002102717824097802 
Pedestrian 0.0 0 0 0 0 0 0 1.8600000143051147 0.3753577768802643 0.3753577768802643 96.16893895437474 49.72658893962591 -5.769700348377228 1.502632052904046 
Pedestrian 0.0 0 0 0 0 0 0 1.8600000143051147 0.3753577768802643 0.3753577768802643 23.956549919464464 -41.99841561254513 -5.769700348377228 -0.10289671316258125 
Pedestrian 0.0 0 0 0 0 0 0 1.8600000143051147 0.3753577768802643 0.3753577768802643 67.66382837854125 -74.63227500324261 -5.769700348377228 0.0896122164997503 
Pedestrian 0.0 0 0 0 0 0 0 1.8600000143051147 0.3753577768802643 0.3753577768802643 0.6265917815537421 36.622386859681 -5.769700348377228 2.9272550574736 
Pedestrian 0.0 0 0 0 0 0 0 1.8600000143051147 0.3753577768802643 0.3753577768802643 162.20829128930606 41.37553463785798 -5.769700348377228 -0.06486393070402391 
Pedestrian 0.0 0 0 0 0 0 0 1.8600000143051147 0.3753577768802643 0.3753577768802643 203.63073556836613 -16.55162546049405 -5.769700348377228 0.46052097294193145 
Pedestrian 0.0 0 0 0 0 0 0 1.8600000143051147 0.3753577768802643 0.3753577768802643 44.29221148498547 -6.19919155841103 -5.769700348377228 -3.039651907067631 
Pedestrian 0.0 0 0 0 0 0 0 1.8600000143051147 0.3753577768802643 0.3753577768802643 32.83030849902613 7.548423119060772 -5.922730088233948 3.097632386108073 
Pedestrian 0.0 0 0 0 0 0 0 1.8600000143051147 0.3753577768802643 0.3753577768802643 95.51814040673705 -54.467967574965314 -5.922244846820831 0.03573962182886338 
Pedestrian 0.0 0 0 0 0 0 0 1.8600000143051147 0.3753577768802643 0.3753577768802643 158.42064795450912 -55.46357206241646 -5.769700229167938 3.094637128830061 
Pedestrian 0.0 0 0 0 0 0 0 1.8600000143051147 0.3753577768802643 0.3753577768802643 12.375291533164244 95.21933879139942 -5.769700229167938 1.6690643078577303 
Pedestrian 0.0 0 0 0 0 0 0 1.8600000143051147 0.3753577768802643 0.3753577768802643 96.48082786232104 -119.52649240799798 -5.769700229167938 -1.7681710515058846 
Pedestrian 0.0 0 0 0 0 0 0 1.8600000143051147 0.3753577768802643 0.3753577768802643 16.75225338293373 -138.22132282432403 -5.769700348377228 2.4194466966105987 
Pedestrian 0.0 0 0 0 0 0 0 1.8600000143051147 0.3753577768802643 0.3753577768802643 120.54312237159516 42.89167111154853 -5.769700348377228 3.1230123112965282 
Pedestrian 0.0 0 0 0 0 0 0 1.8600000143051147 0.3753577768802643 0.3753577768802643 -27.388134956132745 -49.961323641961144 -5.922042489051819 -3.0428469014273993 
Pedestrian 0.0 0 0 0 0 0 0 1.8600000143051147 0.3753577768802643 0.3753577768802643 32.4931196740485 -39.155541855023245 -5.769700229167938 -0.0448088629571277 
Pedestrian 0.0 0 0 0 0 0 0 1.8600000143051147 0.3753577768802643 0.3753577768802643 61.8960336179866 -163.6960406885196 -5.769700348377228 -0.5450437471181074 
Pedestrian 0.0 0 0 0 0 0 0 1.8600000143051147 0.3753577768802643 0.3753577768802643 -17.617015439444828 -21.971813472074132 -5.769700348377228 -1.4143792885946187 
Pedestrian 0.0 0 0 0 0 0 0 1.8600000143051147 0.3753577768802643 0.3753577768802643 54.36287881946802 -12.537762869978678 -5.769700109958649 3.0780253952145826 
Pedestrian 0.0 0 0 0 0 0 0 1.8600000143051147 0.3753577768802643 0.3753577768802643 131.32824634871935 33.73659905331479 -5.769700348377228 0.004744154645718504 
Pedestrian 0.0 0 0 0 0 0 0 1.8600000143051147 0.3753577768802643 0.3753577768802643 -18.93797348868722 15.881026250915113 -5.769700348377228 -2.4215572517744866 
Pedestrian 0.0 0 0 0 0 0 0 1.8600000143051147 0.3753577768802643 0.3753577768802643 88.41633526042344 45.104704961267316 -5.769700348377228 1.81881279068845 
Pedestrian 0.0 0 0 0 0 0 0 1.8600000143051147 0.3753577768802643 0.3753577768802643 -31.506658236788923 10.485119658591998 -5.769700229167938 -1.5430965219808734 
Pedestrian 0.0 0 0 0 0 0 0 1.8600000143051147 0.3753577768802643 0.3753577768802643 43.9139022034727 -3.0883267176940308 -5.769700348377228 2.9771224825692246 
Pedestrian 0.0 0 0 0 0 0 0 1.8600000143051147 0.3753577768802643 0.3753577768802643 137.14527877040447 -92.36374915226247 -5.922177612781525 -2.9632285048461724 
Pedestrian 0.0 0 0 0 0 0 0 1.8600000143051147 0.3753577768802643 0.3753577768802643 70.2440509366161 -71.36085394449827 -5.769700348377228 -0.25840861780974694 
Pedestrian 0.0 0 0 0 0 0 0 1.8600000143051147 0.3753577768802643 0.3753577768802643 117.93265851224757 -96.81596196867804 -5.778676450252533 -1.60352804133057 
Pedestrian 0.0 0 0 0 0 0 0 1.8600000143051147 0.3753577768802643 0.3753577768802643 92.49370693883887 -98.78173772229337 -5.769700348377228 3.141575076726599 
Pedestrian 0.0 0 0 0 0 0 0 1.8600000143051147 0.3753577768802643 0.3753577768802643 19.671051562127985 100.77622859459098 -5.769700348377228 1.7049381530055339 
Pedestrian 0.0 0 0 0 0 0 0 1.8600000143051147 0.3753577768802643 0.3753577768802643 -11.857614758772144 68.76623860621453 -5.769700348377228 1.2322956359145385 
Pedestrian 0.0 0 0 0 0 0 0 1.8600000143051147 0.3753577768802643 0.3753577768802643 -7.398536625613161 -49.045478036043505 -5.769699990749359 -1.7635311590966942 
Pedestrian 0.0 0 0 0 0 0 0 1.8600000143051147 0.3753577768802643 0.3753577768802643 25.96893100501731 -103.56787011971551 -5.769700348377228 -0.02411813610873241 
Pedestrian 0.0 0 0 0 0 0 0 1.8600000143051147 0.3753577768802643 0.3753577768802643 114.12826474801656 -100.10929706584193 -5.922100186347961 1.486837909743222 
Pedestrian 0.0 0 0 0 0 0 0 1.8600000143051147 0.3753577768802643 0.3753577768802643 -2.8545298141189335 82.65260011065129 -5.769700348377228 1.6824983576605261 
Pedestrian 0.0 0 0 0 0 0 0 1.8600000143051147 0.3753577768802643 0.3753577768802643 -15.123027216489419 61.478032502443966 -5.917041003704071 0.35660466023363496 
Pedestrian 0.0 0 0 0 0 0 0 1.8600000143051147 0.3753577768802643 0.3753577768802643 116.96076642320392 -45.16974623862916 -5.769700348377228 0.2792774810067441 
Pedestrian 0.0 0 0 0 0 0 0 1.8600000143051147 0.3753577768802643 0.3753577768802643 -14.525297511425634 63.03233551994049 -5.769700348377228 1.3543059644115378 
Pedestrian 0.0 0 0 0 0 0 0 1.100000023841858 0.5 0.5 88.3061226343834 106.9135225273094 -5.769700229167938 -0.11330464630823354 
Pedestrian 0.0 0 0 0 0 0 0 1.8600000143051147 0.3753577768802643 0.3753577768802643 -80.7559171728058 -31.36661543902801 -5.772973001003265 1.289931901384088 
Pedestrian 0.0 0 0 0 0 0 0 1.100000023841858 0.5 0.5 5.103036643934928 89.59536469748082 -5.769700229167938 1.6517020954470678 
Pedestrian 0.0 0 0 0 0 0 0 1.8600000143051147 0.3753577768802643 0.3753577768802643 7.1703808044275945 32.758470156064504 -5.769700348377228 -0.008431927954056949 
Pedestrian 0.0 0 0 0 0 0 0 1.8600000143051147 0.3753577768802643 0.3753577768802643 114.33103028138882 47.39700962082679 -5.770923912525177 2.80340075623783 
Pedestrian 0.0 0 0 0 0 0 0 1.8600000143051147 0.3753577768802643 0.3753577768802643 -33.246584929271734 12.214467918927937 -5.769700348377228 -1.646333695321686 
Pedestrian 0.0 0 0 0 0 0 0 1.8600000143051147 0.3753577768802643 0.3753577768802643 -53.77483234499803 32.67573337427871 -5.77491956949234 -1.5808224625087723 
Pedestrian 0.0 0 0 0 0 0 0 1.8600000143051147 0.3753577768802643 0.3753577768802643 -9.246246432536537 31.500365774470765 -5.922098755836487 1.3244370148896452 
Pedestrian 0.0 0 0 0 0 0 0 1.8600000143051147 0.3753577768802643 0.3753577768802643 177.44750586941515 -79.34927859468007 -5.769700348377228 1.6344924821668667 
Pedestrian 0.0 0 0 0 0 0 0 1.8600000143051147 0.3753577768802643 0.3753577768802643 1.4877400350416963 -50.27049186484737 -5.769700348377228 -1.4187621859586166 
Pedestrian 0.0 0 0 0 0 0 0 1.8600000143051147 0.3753577768802643 0.3753577768802643 131.074786161866 -125.24899809958316 -5.769700109958649 -1.607616126761896 
Pedestrian 0.0 0 0 0 0 0 0 1.8600000143051147 0.3753577768802643 0.3753577768802643 109.52797326137645 -35.281045014947495 -5.922400534152985 -2.8485948662525833 
Pedestrian 0.0 0 0 0 0 0 0 1.8600000143051147 0.3753577768802643 0.3753577768802643 199.4529890822091 -49.26964281453775 -5.769700348377228 -2.0527485892665362 
Pedestrian 0.0 0 0 0 0 0 0 1.8600000143051147 0.3753577768802643 0.3753577768802643 126.40902631081823 -57.54019648248686 -5.769700348377228 3.1191733645851794 
Pedestrian 0.0 0 0 0 0 0 0 1.8600000143051147 0.3753577768802643 0.3753577768802643 144.03398607636788 -107.89977740970062 -5.769700348377228 -1.4710992934911262 
